5000
4393
3032
1328
1773
4796
413
3738
136
3854
4950
912
4517
332
1021
3877
4488
4008
3163
3572
1689
4932
2188
2781
4241
4934
3878
1829
2424
3527
1273
4758
2787
2922
2077
990
3381
1285
4607
2369
4551
805
189
3573
1488
4899
2711
4913
1807
4462
4673
3800
83
3971
2659
2952
87
3288
4977
4047
803
1937
1631
3750
1182
126
4974
905
480
737
873
2841
439
4149
4301
3342
104
4413
3474
4734
3556
4181
3779
2716
790
3742
1284
628
328
742
4130
2995
2962
36
4192
2022
3227
504
3149
940
4700
3132
2900
4922
2245
2304
3435
1127
1024
860
821
3633
3189
4624
1582
4258
3361
1239
4680
436
715
2084
4847
3805
1584
640
4808
1651
3450
2509
2796
2773
2283
815
521
1286
4833
3678
816
3930
3859
4128
2259
745
1162
3735
1320
2025
4572
2677
1059
3696
2193
2036
4958
4056
3872
4609
227
4147
4583
4134
601
4544
3705
2428
717
4212
252
777
3957
2888
4287
3821
633
2170
2430
4101
824
116
3731
4555
2899
2176
4626
919
320
2953
1957
4356
47
228
270
1206
2632
3175
2092
1809
2608
2181
888
3122
518
2195
60
3125
4906
2024
4687
3925
4748
1016
142
656
1749
330
4727
1919
570
4369
235
2370
4054
967
4490
94
1691
117
2852
458
2434
4968
4914
1342
3845
1521
1326
4397
2212
2465
4818
292
3749
726
3996
4164
1866
1334
4324
2795
2975
2827
2749
187
1267
4827
2529
1946
4741
1408
4174
3049
4554
1920
856
3618
3617
1427
3463
4803
4887
326
1066
2162
2573
1517
4550
922
2410
1420
225
3087
4696
966
4676
4937
4469
3424
3351
2055
4775
2880
1740
1945
3138
936
3478
3204
1132
3112
4767
281
3682
3995
1057
3069
2778
3013
3603
4645
4273
3328
4161
4418
794
4169
1268
2268
2093
4038
1380
3590
3613
3822
621
4297
980
2206
1961
2065
2263
2118
689
1672
1117
2327
1539
4087
1416
4362
2317
2310
978
4202
212
2418
1345
3247
4234
1375
2649
906
1031
2803
433
327
1688
960
4454
2817
4492
3430
205
4364
1485
2905
3254
528
2895
4658
3339
1767
1789
4281
2101
589
1299
729
4493
3550
1739
3141
110
1316
3598
3016
4993
2993
2594
1147
3936
1277
1788
2871
4029
3796
3832
1240
1588
3873
3413
4095
2323
4422
3414
4858
703
336
4163
1468
2918
2814
483
4104
3000
2411
1726
560
2300
1801
2150
3737
3914
4150
3952
262
1971
2934
3744
3794
830
4834
632
1847
3782
2229
1078
3518
4172
1139
1403
389
1495
2235
4387
4925
1142
3592
3386
3630
644
2269
3916
4597
1561
3683
1236
1867
4233
3606
4650
2203
4917
1118
1715
4981
121
1130
3468
2136
2349
527
4425
2097
909
3533
604
3094
3427
1324
4031
2425
2873
1706
4014
1968
2939
4684
3086
4460
3285
2489
1977
2276
4108
2202
428
559
3078
2431
2815
836
3264
1365
2352
4340
371
2056
1727
1814
4262
123
2159
1053
119
1087
3913
3708
2429
3663
3146
3601
4908
4072
4896
4089
226
924
114
4252
4477
1479
1856
1805
1562
4306
2699
454
4080
2503
145
2531
3234
3109
1940
1513
4295
3825
2807
3956
2548
2210
2825
2494
4017
2537
1721
3569
1669
3061
493
3981
4869
1674
48
2564
2784
1183
4636
4982
2653
2708
4207
3972
2859
1694
4683
894
2631
2552
3313
2180
3759
3147
678
673
2937
818
3237
4724
3953
1744
3248
3653
4230
176
3644
3747
339
4524
4155
1402
903
1952
782
2774
3289
969
1064
3283
34
3908
2336
4177
1614
403
1052
3097
3252
1181
99
3148
70
4308
4941
1512
3274
1323
160
313
4780
2168
373
4400
4706
3830
1708
4476
2627
3473
2412
1199
549
513
1642
2545
4622
2896
3668
4171
2945
4573
3451
1841
3418
4565
1475
1832
3980
1916
3757
3338
4189
1406
1699
1069
190
2117
3404
3588
3698
767
3301
3889
3523
4756
4264
5
920
4140
3337
553
51
216
934
74
1608
3772
937
2145
3994
4657
2645
148
3755
1245
4716
1784
3921
3893
1555
3286
273
4175
1445
4897
3229
4890
3745
575
452
2246
1397
3433
2306
3626
1225
1717
3343
1378
1578
2322
4240
869
3068
367
41
379
2211
1364
4445
3333
1260
3214
2890
1762
4777
3753
720
2988
3562
1648
2806
2137
4046
1188
1112
1583
1035
2728
2254
2167
3874
3842
4730
9
2768
1972
784
3114
4196
115
4121
1579
2129
2341
3920
4737
3979
1663
2186
3348
4556
1429
1054
1571
3428
4582
1769
202
4781
3721
1609
4745
561
554
4119
1175
2944
3642
229
4442
3184
2837
3788
2463
2941
164
424
3392
2960
944
392
3420
3530
444
4129
3188
3937
4752
1487
89
12
2687
2384
4699
447
1349
1309
419
1101
1177
1510
343
2982
529
1368
4611
748
1172
2037
4686
467
1074
1683
2869
3477
4148
4436
771
1071
910
1253
4471
4782
1987
1958
1223
1563
3901
291
1515
2622
1418
3127
3199
1499
2415
1205
1330
1647
3082
2713
587
3235
1758
1389
1999
3493
4246
421
3369
675
3866
2342
1537
1419
3726
1846
4802
670
3658
4004
4410
3512
3504
1009
650
4067
408
2578
1922
3249
380
2070
440
719
4538
3928
3233
4328
3253
1360
4625
1498
2592
1714
2486
3152
2985
1730
2524
1348
580
2848
1374
4237
1863
2403
289
1344
1073
886
3111
92
1574
659
4081
4931
1851
1852
4032
3367
442
3010
472
399
1161
595
3632
85
1044
2831
3208
786
968
1123
4940
3006
3270
354
1439
3259
1950
3311
1254
2634
4059
1560
1176
170
1979
2166
2761
4186
2333
3946
3765
2075
1047
1902
1962
2920
544
607
4598
2770
1800
738
4434
3137
1395
1893
3522
2606
3549
1573
1290
4604
1174
4804
3609
923
2026
2262
58
865
2734
2064
902
828
2171
1136
1265
1278
680
1228
2298
1993
4218
4970
2068
4616
3829
4316
2030
2161
1006
3594
3713
4166
1883
932
2636
213
2380
3434
106
496
2115
1607
2507
280
714
4401
2555
1975
3586
2719
1271
844
4755
2241
2644
3459
4575
1682
2287
2119
4378
4304
615
1676
1710
100
1496
2366
2648
2294
4853
1063
4021
2972
2562
3645
4305
3018
3239
2103
2924
181
739
4805
4870
4987
4409
725
1536
2456
4329
1774
4392
3733
982
747
1700
1106
4884
3470
1580
4179
1115
4552
3680
2213
3823
4618
3540
4204
2100
2908
4614
3353
3781
3641
4747
3004
2970
4714
3769
858
2039
2783
3561
2003
46
4815
222
847
3221
1778
3963
1556
4985
4270
2375
716
3309
2506
2364
3691
1538
3121
3449
634
4109
3519
3067
845
1359
2131
3966
2121
4214
492
1741
3172
1086
155
2200
2604
3949
4350
1712
3870
2547
974
2779
490
3260
1640
4885
741
2062
163
2679
2049
231
2949
1151
4709
243
2107
2963
3922
4549
4402
1097
2998
4983
4900
3944
1302
4077
1960
2819
2572
1296
1110
796
101
810
22
304
4911
3187
2123
3276
3947
954
3053
333
1785
3171
1229
948
964
3349
1036
1810
3875
1815
3336
315
1839
118
2735
1854
3173
1895
1619
1528
1369
3354
2112
2231
1450
3325
4040
3605
4835
1304
2348
4124
3948
27
4623
3326
4902
2251
1548
2435
4888
4717
3776
4352
2666
630
1668
3631
393
1908
1820
4568
2390
4851
2932
2746
1816
4652
4384
2974
1917
2668
299
2386
2441
1624
2094
285
220
3140
2857
2593
4263
2526
2280
30
1466
2460
2147
3178
583
4903
2417
3557
1234
2066
4824
2271
499
2105
849
671
3761
2625
255
562
4448
276
2828
2521
1180
2891
165
4898
4372
2810
2692
1547
1604
4984
2554
579
3444
864
4466
1477
624
1733
2258
3489
3688
3485
3092
1325
4530
3102
4261
3576
1250
3704
2624
495
1091
4809
4963
4064
635
2128
4828
1713
914
889
4704
1768
4560
4145
3773
709
2381
2813
3202
3780
2630
1692
2997
1568
1823
4766
4102
2018
874
4137
1232
2707
3407
2053
2675
1751
1938
1915
4794
2242
3585
3835
4489
522
3643
80
4408
2048
1414
2138
4871
4499
3320
2959
4097
1954
1780
2010
415
4465
4754
11
3954
534
4674
2502
3159
820
2404
3977
819
2382
1263
3960
731
3862
1407
261
2512
4479
3684
3479
2149
4910
3225
1221
157
1818
4084
1434
4182
733
3807
2785
1266
4208
3205
4071
2421
965
1776
72
3965
4715
2143
3360
3751
2002
4868
2452
2495
3855
357
4653
4978
1415
1912
1080
4178
2328
3834
2845
3194
4250
3039
2790
4093
3168
1630
4346
1844
4188
3514
2471
3685
1693
1410
1196
963
1742
310
3515
1100
3332
4272
2267
2991
519
4787
3906
3384
1209
2302
3218
151
1738
3967
471
218
1243
3047
4663
2197
311
4980
1187
2730
877
800
2732
4277
4866
569
1687
1817
3638
4070
711
547
167
497
1881
1459
3083
1877
4945
2152
3169
2744
3075
3144
1108
429
4335
1804
3808
1003
3145
362
3375
1951
781
1451
1799
2696
2083
994
2334
806
2834
1192
1644
1424
523
1747
793
1398
2641
2948
2250
2392
2769
21
4701
2910
1308
1836
4735
1842
3499
461
1558
2374
3581
4450
3245
1149
4429
4545
887
2089
942
2973
1802
1279
1319
664
976
4967
3611
2475
4353
2218
2847
4210
4168
4075
1441
915
2772
3460
574
546
2800
697
3597
3077
4016
2892
1014
1928
3302
3778
109
1102
2829
638
2854
2855
4251
3464
4327
3192
1611
4439
3496
4875
3828
4771
3899
4057
4414
2885
3091
2141
4507
1227
473
1955
2478
4861
2793
1258
2351
2019
1868
2318
4916
241
971
2535
2660
406
3090
973
3608
1298
2717
197
1705
3942
4313
603
2747
3844
359
3365
1718
2902
3151
1166
2541
1756
4309
2091
3976
2398
1090
4041
79
140
2718
45
1300
1027
3266
3232
823
558
2371
2060
2215
32
3028
2461
3104
548
3503
422
2757
3057
758
4464
4811
1963
3389
764
1043
141
3711
369
4975
3774
785
3487
2663
1222
349
2023
2550
2893
3003
3502
2759
3100
1440
3124
3268
3482
3447
3628
1133
1484
3951
1765
3849
2921
4127
3261
1849
3840
1572
4144
23
3158
248
878
3133
3693
2984
1884
3741
3615
3538
4082
4009
1347
3730
1728
3397
3858
3300
3362
1018
3458
1171
137
3024
2926
3660
426
3528
4035
1924
610
1246
1391
1215
256
2588
511
4005
3666
882
883
4773
3824
2858
4229
1335
1904
2256
4475
4798
1272
1527
1994
2789
2569
3629
3143
843
3334
1592
297
154
4341
3370
1339
2990
4420
4891
1911
3595
4859
412
3442
2224
1393
199
3542
928
1670
4778
2805
2568
4342
2917
1491
4018
598
275
4548
1460
3165
2148
693
4990
385
3023
3179
432
4672
3296
2808
3031
1586
2293
1910
348
4170
4961
4496
4564
4746
2343
4962
3212
1633
1629
2099
3911
564
4764
3535
3422
840
1835
1400
732
3318
3673
4386
4366
1981
383
4284
590
1430
498
3818
382
1327
1113
4151
1576
4002
541
2643
502
2629
4528
1158
4692
1745
4485
3314
258
1654
4877
1702
2172
3990
4989
3436
2876
1055
438
2838
584
4338
430
4536
3063
880
572
441
4691
1145
4508
1351
3754
3059
2481
1343
2577
3752
4512
1520
128
3599
4125
2234
2086
1591
4769
4042
3938
4761
908
4244
2753
4864
2021
2605
4049
3243
3763
4012
4502
3076
2009
1553
2427
2432
4300
1905
1433
1472
746
4238
3001
2124
1432
647
4115
174
2156
3879
4483
3405
1401
2214
611
1833
418
4876
1660
1020
4904
3520
2282
1377
3154
4503
4915
4473
1224
4132
3453
1764
3278
1860
3799
3635
2804
2389
364
3637
4907
4055
1534
4430
1385
1685
3131
2938
2510
395
2288
2391
44
3201
1
1292
1667
652
3709
1897
3810
838
925
4606
2311
4406
1170
3439
1262
907
545
455
377
4007
962
3394
4790
4112
543
1752
1287
846
655
2835
1552
3998
4165
4537
2798
4260
2694
3317
631
4933
1652
4375
394
4078
509
4522
953
2454
2788
2319
342
4010
4852
4482
3347
850
2479
2379
250
3007
43
3539
3471
935
1318
895
2309
4019
2538
4110
1661
1261
4449
1289
802
3984
1770
4800
4211
3775
3525
654
2183
1559
4481
1519
153
4731
2875
2396
3623
271
1889
4276
3417
3182
835
4255
814
1595
2710
2033
4319
3015
1480
1533
1909
4559
841
3390
195
3728
1825
4146
2614
1612
3226
2619
4927
4667
3330
42
2408
4370
2444
3378
3970
2301
2051
312
2883
4105
2898
1936
1843
4690
4763
2726
2701
1982
2860
370
3217
1638
1356
2947
1465
4050
551
2607
3072
3425
4889
2011
286
1033
2339
3662
2669
1211
2252
356
2971
3287
1252
2601
2720
486
1986
3526
896
443
3372
2483
1165
2069
4742
831
2523
1317
77
4882
2194
288
3382
1002
4996
84
839
642
4026
916
4061
7
372
2111
868
2616
4964
3935
178
4494
4892
3985
2426
2656
2191
2308
4862
722
2886
2738
19
1435
1067
3955
2240
1759
3612
3079
4224
306
3058
26
4217
1551
1270
2139
4288
1264
2933
2927
4810
404
4641
3847
3927
2482
4695
1061
1657
2739
4840
2691
3646
4159
375
1892
76
4446
4231
3455
274
2816
2457
3579
1625
4857
1436
3729
3011
2217
795
2913
2672
4765
571
861
1204
3066
283
718
1244
2582
3209
1269
2313
4943
2285
3690
1001
3621
3497
4487
2620
491
191
1906
4571
4331
1594
1083
1030
3156
409
510
2399
1824
431
1425
2085
3857
3700
1185
2201
1019
2609
833
975
3553
3511
186
1464
3153
2820
4837
1194
986
576
3295
4052
1482
2580
4113
3993
427
2016
4959
2843
4015
4033
1995
3265
3269
319
2915
2312
3167
1146
322
3441
4000
4843
2613
3863
2291
3038
4326
4501
4463
3883
4860
1255
4461
238
4738
2474
1497
4865
1822
4478
4543
1237
855
360
4455
2185
3570
1140
4772
120
3551
2491
4584
3861
658
3255
2305
3664
2133
3634
3715
4363
3107
1489
1743
453
851
4090
3837
520
4480
1990
1338
233
3982
766
4520
68
1782
113
1901
269
309
1522
3624
2715
4412
130
4669
2978
3403
4271
2979
3558
3476
1198
754
1803
3469
2546
4774
3216
2678
2199
1190
475
4819
4162
4739
1918
4236
1122
3529
3909
2996
1458
2198
4416
2612
550
1703
789
2337
1618
1898
3817
2617
1503
3563
363
268
2528
2950
1207
2127
4793
2709
39
4801
2164
4570
2270
4693
1015
3813
3850
3919
4011
3046
1159
4126
3396
324
938
3282
4173
2017
581
2637
2307
3867
91
2278
872
2767
131
325
1970
4879
4382
3036
2279
3466
448
1794
4100
2449
1502
2359
3324
3604
1422
1830
1722
4419
809
63
62
1508
2559
4103
1939
2354
4592
1167
3910
2071
2560
3190
1386
2038
3565
2965
4441
3902
4637
469
2153
956
1658
111
3186
4929
1666
3958
4949
3421
891
4817
2765
1926
3456
3498
2818
3716
2542
4048
3868
3898
2583
535
1724
1935
2760
657
1585
198
4374
2134
2686
3559
1494
3056
4816
2043
538
4926
4265
568
2646
4024
400
4529
2551
1242
2493
1481
3331
2727
2207
3521
1953
4580
1457
1798
1305
3438
2889
3446
536
817
4345
3371
4504
663
4749
3771
1383
3105
162
125
1212
265
1352
8
1184
4720
350
2752
3975
3246
3907
683
254
1535
4856
4632
2543
1808
1371
1639
4257
2821
1144
2745
2050
1310
18
3827
1746
294
4423
4117
323
1991
514
1051
1032
423
4519
1294
1878
639
1949
188
4302
4447
1120
2008
4999
200
1873
3692
1698
204
1983
3923
3992
2928
4228
2702
4532
2758
2179
3452
1231
3532
2012
3962
3055
3616
2581
4405
96
3222
4578
4474
3671
416
1766
4074
3373
277
1443
508
1220
2157
622
3346
3363
2376
2983
4732
1529
1280
1154
3108
4443
4444
1454
1643
1735
1096
3809
1978
305
941
1056
3135
1210
2005
4006
2440
4605
588
3398
4849
2956
2469
2222
13
3492
857
927
329
1596
321
267
4534
662
2029
842
3419
4881
3717
296
4874
3764
1690
1641
2923
3736
149
3915
2175
2721
669
1247
460
138
2275
4122
3596
3115
3876
4317
3355
3766
797
397
992
4629
4711
602
791
2647
2549
1366
4651
4647
2395
2561
918
1026
2596
4635
2587
4935
71
2824
2693
696
4671
3210
4360
4603
2684
4620
3118
1783
3826
361
1169
1249
4361
1791
825
1840
3174
1311
573
2522
194
81
2967
2377
4518
1307
665
2697
2626
2274
1507
1545
4576
2477
4036
2406
744
3803
955
4385
2196
284
1837
988
2346
3490
3263
668
1996
4682
4976
1075
3727
1771
4160
1241
65
2067
1156
1813
2839
1282
1709
340
736
1589
1103
3846
2321
2420
64
3886
3292
2919
3894
2844
799
1736
1471
95
3882
1084
4633
4365
4608
3881
4426
4791
1725
2289
1329
4973
4823
4880
1396
899
752
2220
4921
3251
4600
2314
4274
2363
904
2912
4348
4154
3785
1720
3723
1421
1098
727
2106
1790
4096
425
1291
3978
3062
4642
879
3897
4500
2295
2884
209
826
3060
2618
1598
4176
4820
316
2001
3577
3116
4644
2169
1202
3945
2635
2640
3831
4668
2539
1826
4183
4710
852
3467
4779
2401
462
4440
4895
474
1492
4873
3647
4371
66
2661
4703
1627
1532
3224
4193
848
1684
2794
3207
378
1153
3084
2830
133
586
1404
3064
3725
4646
4438
4388
706
3566
1423
2881
3041
1085
3797
1152
2126
3401
476
1116
1381
1312
1448
1665
4702
2372
3277
4883
620
1337
451
4799
1966
1233
3903
3327
17
2239
2238
402
4954
4063
4030
1486
2731
4435
1921
3697
308
4721
2192
3223
3804
3315
4079
287
2353
3636
4083
2299
2443
1455
1092
4542
2942
2450
3095
1890
1301
776
3770
3989
2882
2205
3238
4814
2865
530
1462
4844
3687
870
2439
674
2204
2000
4923
4736
3048
4610
2190
4286
959
1632
1088
617
1980
2358
1934
2216
3465
2676
3366
1046
3098
3299
61
3009
2032
3161
2355
4245
3589
875
2182
4142
4220
4298
3627
4952
1012
4091
2361
552
2695
4640
1314
713
707
2840
398
4872
2362
1985
1081
3676
2315
1379
2633
4391
4615
1675
740
2462
4351
4247
1973
4654
679
2780
1493
3820
2125
3012
4965
3195
2911
2621
750
4123
592
4380
1540
158
3071
3379
1235
989
1757
4336
3294
390
4368
4310
3885
4563
600
73
4589
1646
4092
2590
1948
3021
4708
2292
1772
3896
180
1023
1431
3905
2122
2762
2035
6
56
479
2108
3555
1664
3969
259
4784
4821
4432
2698
2338
3051
4612
4451
4232
388
3293
4792
3895
567
863
2741
4679
1796
4928
1636
1094
653
4027
4585
1567
1077
1079
2340
1505
1353
2277
2438
4951
4506
211
1880
949
1474
2146
4407
3669
773
3734
516
769
3445
3640
1569
1394
3639
3777
3181
3932
929
685
179
3795
302
2437
4486
2357
4495
2419
1869
4770
2422
457
2628
2496
1437
4114
4343
2490
687
344
619
2801
593
3050
1409
507
3329
3275
2856
780
3681
3033
4200
3160
977
3099
4588
1696
2209
1155
244
3887
3042
3665
4994
4733
984
1276
2433
2853
2566
3655
3890
1028
2733
4034
1671
3575
2571
143
466
774
4315
3164
93
1941
1864
2951
2007
159
3020
2777
16
376
24
2706
1500
661
3784
3377
1886
2174
2771
4459
144
4330
2598
2968
4376
4020
1871
317
3584
3853
609
2556
3974
2775
98
4939
950
1859
214
1126
2160
1452
1828
172
4558
2651
3005
1340
2519
2446
3312
2487
762
4531
4960
4863
1929
3811
386
772
566
2776
2470
3410
1659
2253
1449
585
1620
1542
1575
684
4198
3986
365
14
2297
3399
4312
4259
4655
3524
4662
4294
4065
2955
1259
4525
1412
2866
867
1887
2414
4613
3461
2385
3357
1894
3793
4539
4912
4215
862
2977
952
1711
341
1355
4842
2061
247
763
1882
4023
2073
3732
2565
417
599
4467
1388
38
660
3587
4743
643
1628
2530
3305
4527
1257
3543
1626
487
636
2208
1622
512
2367
4068
4143
1760
2657
1550
2331
3651
1821
1775
991
3074
2225
1992
3262
4458
2586
4678
1913
1467
3659
1411
4740
1444
2080
1570
681
3710
2028
2004
3904
981
4839
1530
2409
1456
4484
2833
2862
1932
2906
279
2836
4069
3649
2074
3568
3290
2868
3787
3065
2527
3236
3432
3185
4905
2332
555
3387
4992
4470
4979
613
1095
3488
540
1331
4854
4998
651
1256
1000
2221
69
1874
3940
1523
1857
1367
885
2015
1976
4043
4579
2120
3368
414
3070
338
2925
2144
2536
565
1686
1218
2516
2227
4587
1524
1275
3510
3934
2750
2670
951
3600
2966
242
4383
2736
3675
4698
591
2356
4553
4266
105
2700
3308
2673
2416
4514
2031
1038
3359
3656
4381
1526
3448
4728
1509
1470
4867
2116
2623
1293
4152
2095
3128
1967
4427
3661
672
1907
470
3892
4411
345
2046
723
2223
3884
2236
2296
2511
1681
1213
2943
1137
3025
3686
2044
3677
2436
4153
1635
4339
3096
1062
1737
1845
3034
3620
4389
35
1111
3674
3411
3480
526
2329
4045
3197
4253
25
4394
2667
2045
4243
3997
3500
2459
531
4901
1321
637
1549
698
688
4268
4248
4334
1104
1203
230
1704
2574
1680
4966
1677
735
3014
449
1076
2027
1732
4289
2722
3950
3297
4357
4201
1564
4158
4938
1050
871
2877
2151
3415
2158
4354
2455
917
127
4595
464
4832
1134
1469
2662
2964
266
827
987
2335
2265
2114
1781
3507
829
1610
4948
1777
3789
4279
2219
3241
3836
407
4191
4194
2615
1597
4185
837
1160
278
2013
787
3865
2740
3054
3554
4666
1208
4681
3130
627
3924
4013
1082
4806
175
4456
3345
134
1189
4195
1812
183
2325
931
4789
3045
563
4648
2874
3900
3267
3786
1923
3819
4028
3931
3093
2472
1942
3724
1754
3176
1834
4729
1806
1238
3139
3739
2563
702
1787
1150
1947
1865
2498
1129
3567
4209
2812
4845
1707
2703
3134
761
264
4058
1755
2266
3364
999
4358
3040
1653
710
4282
3756
1819
4222
1888
347
185
168
4936
1413
1716
3113
2006
1333
2681
4249
822
381
3117
4337
1358
1128
3089
2690
237
1655
1876
866
4924
3888
900
1011
3508
4415
2655
676
730
3085
3281
1933
2260
3860
4918
3103
2230
1827
4630
897
1248
3406
4956
1226
3707
995
694
1504
3291
4111
755
173
4256
2130
1656
4776
2754
804
1107
4723
1797
2946
2255
813
2611
203
2665
1862
2958
3694
50
2505
2264
1049
2870
2082
1148
1853
4283
811
4725
3869
75
445
4567
686
2040
3352
4157
3029
1070
2940
649
4643
2113
3864
434
477
3760
1048
2232
3509
2520
4131
2981
2467
2109
1219
4894
3679
223
481
648
2365
3037
1109
52
834
501
3812
192
1022
1214
1731
2867
3880
4797
2226
2014
3746
756
4311
3848
4807
1750
2047
4206
3203
2378
1173
1634
4404
1695
4399
998
2163
708
2345
59
4540
3657
4726
2610
257
700
3166
2878
3648
2173
435
437
3341
4053
2484
90
2388
3129
3119
2705
2737
728
3429
15
3256
2480
2846
2994
4593
1605
4759
1306
757
993
2476
3019
1593
82
682
272
4044
2373
2602
884
1792
2909
3340
3564
4813
753
1370
3483
930
2887
1193
3740
594
4523
1650
1281
2811
2980
351
4395
3541
4591
1811
854
3991
893
1010
2575
314
2330
4396
721
2499
505
2999
352
2823
4398
107
3481
4586
4697
979
3030
4498
4377
4788
3988
337
1478
3571
759
1042
957
2639
3758
3941
1729
557
2832
2468
20
2261
3852
3578
2324
1068
303
3412
1178
3431
3602
1426
2081
1490
4768
2534
3271
2448
749
3335
2589
3622
1959
3395
3791
2585
2237
2558
691
4511
3610
3999
4349
4581
2992
245
3180
253
2453
997
4344
2797
3344
4118
2142
1041
958
4830
1135
539
4547
1119
4428
2756
1514
1362
182
2664
1613
4757
3284
4750
2042
2488
2041
1600
2492
4944
3402
4290
692
2652
4786
4221
1428
4850
1446
251
3443
4417
768
4062
4424
2244
1998
500
208
4213
2712
132
4141
1931
4848
3409
4051
2
1297
4086
807
1506
3440
1944
3545
1984
1013
2683
4299
606
808
779
3391
1858
1217
3536
3230
4675
506
2513
1313
533
4320
2383
3891
4001
3374
3073
1795
4135
234
3871
645
2642
983
1855
246
4
1964
3106
3856
219
1417
2072
1621
4323
3472
4722
2464
1838
2826
1590
1143
1438
2098
97
184
1453
2272
2763
4599
4332
1382
4621
249
3213
1885
4955
2518
3802
1903
3517
4254
2057
1065
3548
933
3298
40
4991
3017
2473
4379
236
2096
2052
4660
1645
4988
4136
3959
577
913
1554
2597
465
3323
2273
901
4719
2791
2766
4307
3917
2723
3701
1037
3767
4526
4617
1930
3157
4107
3625
2508
1617
2954
3035
1501
3939
4707
1121
970
1748
1891
4601
625
947
1565
1988
4025
783
1461
3126
2532
374
2682
3462
4359
4822
699
3423
3534
2729
2504
626
494
3506
1848
945
4472
3306
2110
4453
2591
3841
2350
3200
3321
4762
1943
3695
2344
3385
217
2907
1357
410
1399
2020
2387
1350
1518
1114
366
3080
2755
1997
4355
3699
488
3008
2402
152
4661
1969
1516
2326
4569
2936
463
3316
4468
3319
3748
31
3987
1089
4533
1701
3454
3607
2822
2413
2540
3022
3495
1346
892
2872
240
1017
775
3792
3240
2088
1637
3356
1315
391
3002
596
2303
3044
1974
4197
3718
3088
215
2368
832
3838
53
282
3501
1875
614
3026
4292
1587
1164
2447
939
3851
4942
1879
3918
3193
2451
605
3593
996
88
3257
1405
446
2393
260
1303
582
3303
2850
2515
4878
293
3815
4596
778
3043
1566
4557
2849
112
1511
2654
2689
4685
307
1723
355
4269
4433
3719
10
3383
4239
3437
2247
4930
169
4296
3120
3943
2533
3929
2286
2680
482
2764
2748
3242
1541
898
166
1544
1623
4515
695
4783
4631
4431
3228
2861
1186
1029
2078
156
515
206
4574
1872
760
102
2104
2842
2599
2704
4293
1384
4314
1105
1007
3667
2986
4751
484
28
2987
2347
2187
1900
2894
3484
4022
4318
4216
2688
788
2579
103
2544
667
2557
196
537
3155
1072
135
734
2600
4373
4094
2034
1099
4705
3380
3272
124
926
3582
4846
4718
1332
2458
1956
3552
4437
1039
2851
4205
946
2485
2989
3762
331
2290
1850
29
3220
1392
3546
224
3136
1373
49
4825
3388
301
3215
2957
3814
4893
1673
2497
1341
4280
3350
55
3654
1363
4634
743
3052
985
3273
1601
2360
1577
3416
3376
3183
290
2638
4995
2154
1372
3516
485
4688
677
4303
4795
1602
2184
384
263
353
478
3714
3801
618
4285
3258
2724
4421
3912
1058
4649
1168
1615
1581
2257
3101
450
1390
2423
1040
2501
517
2063
712
4694
4223
1163
2135
1476
2079
33
3162
2961
2916
4242
2400
4139
1060
4003
1008
801
4267
4403
2466
4829
1034
4919
456
4627
1662
1483
1786
4167
4561
792
67
86
859
4836
4826
4712
1734
2058
2567
4133
2864
646
3783
4541
3123
2786
1447
239
78
298
4535
1336
751
1899
3591
3177
4920
3393
578
489
2658
3244
1354
3027
597
2228
3547
3505
2576
54
3816
3110
3768
2394
4497
1763
542
3973
4333
4969
4190
1191
2281
3142
1200
4116
3583
1138
972
4664
1525
334
2929
3513
1131
3358
770
1914
3720
3961
532
3670
1719
1197
3219
3843
3408
1283
4106
147
4180
4602
1288
1124
1157
2397
2320
2054
4085
2904
4953
4516
1761
4886
4156
2714
961
4184
2901
122
1195
358
4639
1861
2087
4619
3457
641
921
4744
4491
666
4039
4088
4677
150
2792
1251
612
3964
3426
2743
1793
4785
2674
911
3170
3983
4187
2650
3279
616
4946
3614
1543
4076
704
4812
4972
1989
1005
1616
876
3722
1679
139
3206
3833
3560
4638
1201
3531
1649
396
1779
4838
2584
4689
503
4457
853
3280
1965
2751
798
943
468
2799
3231
2914
1376
295
2442
221
1045
3475
3790
3652
1387
4120
3703
4390
4347
4562
1093
2165
459
4628
3806
129
2243
2155
1230
3211
4225
4099
1606
4670
3619
2570
2059
4971
1274
2517
2931
2809
4203
2802
387
705
3400
2316
2930
2189
4986
1557
1179
556
4665
608
146
4226
2603
3702
4219
1322
210
3307
3198
3544
2178
2514
1831
4659
3310
1531
4275
1125
2076
2140
2879
724
4753
2782
2935
1697
765
2407
2903
4841
405
4325
4590
4521
524
3706
3081
1473
37
3150
4235
177
4513
2553
4066
3196
690
2725
3650
2249
4073
2090
2897
4227
4713
812
890
1025
2863
4566
2671
3322
4546
2525
1442
3304
2500
161
2445
420
4452
3798
4577
1925
3486
3933
2685
57
3712
2248
2284
4322
2976
1599
2233
701
108
3839
3968
2405
2102
4505
1927
346
3580
318
2742
1546
3494
525
2595
335
300
1678
1004
2132
4037
3743
1896
401
368
623
1361
201
4594
3191
3672
629
207
881
1216
4831
3574
2969
4855
411
4510
4509
4138
4278
4321
4760
4098
4199
171
3926
1295
1603
4957
232
1753
3250
4656
193
3537
3
4291
1141
4947
1463
1870
2177
4909
3689
4997
4367
4060
3491
