4000
3740
2036
1050
667
1562
1432
3802
3202
750
1996
208
639
3047
632
1239
952
1341
1576
385
2230
3341
314
2503
2187
1705
3954
2011
1207
2276
3972
2199
1714
3491
3861
2066
3148
253
1515
216
607
3371
2488
1403
2222
128
768
3549
295
1950
1034
323
1112
132
399
848
1925
608
334
2078
2646
3869
2510
3465
3229
2692
1329
119
1000
3620
2300
3163
424
2056
884
1988
1437
3194
3197
3538
1496
1763
3022
299
842
2694
1799
1573
2863
1090
1886
3929
1087
3819
821
3760
3606
3720
2002
1554
2055
328
1682
2041
3301
845
3839
2268
3652
3708
2446
541
1847
728
2372
3357
545
3729
1017
482
1546
652
819
770
1004
1197
2753
1037
180
724
2722
2281
3553
2720
1389
3501
3894
705
3177
495
680
3423
256
1804
2209
1375
1334
2287
2999
1848
2889
2544
2172
2221
3104
2838
3889
1339
1602
3283
2950
2022
974
614
2432
2334
2612
3476
2393
2563
2862
2115
348
1318
1501
1613
3321
2362
586
3380
2865
631
2830
2323
633
2534
920
473
689
1211
2568
1888
3030
2251
2241
1937
987
425
2778
1910
877
3167
3589
2094
2736
3387
1880
283
3330
1518
2377
1372
3273
1907
1796
2706
1314
383
1459
1473
360
2116
3786
2016
32
2970
1801
2543
3722
694
2824
3249
472
1621
2333
2886
2988
1724
161
1156
2897
3425
2208
1572
1054
2672
3826
1808
1409
816
3497
1224
3980
911
3512
2279
2901
1069
1483
231
3485
3132
559
976
2169
1651
2292
2758
1434
3081
1510
2987
39
49
3709
2485
2355
3152
703
2767
1380
3529
3963
3755
1248
1474
3946
2051
1472
1304
2626
1100
352
153
1564
2727
3343
1676
2141
3545
2014
3933
1011
2157
3675
921
2608
1887
140
3337
1960
799
3636
3440
2429
1136
198
3771
1685
1798
1641
1780
2204
3409
45
1583
1815
3416
1170
2529
1322
3275
2385
3352
1397
972
2262
1782
1772
1552
1858
2039
1048
3247
1606
2576
1319
1775
3841
3368
1520
695
2081
353
518
1225
930
2274
1760
2616
3185
2340
2391
2017
38
3203
709
2026
1241
1519
3288
491
1980
3765
1954
2472
139
3156
1353
3535
2984
2922
2201
785
2175
2667
647
910
3829
48
2701
183
2163
1435
1675
907
3471
3444
2155
3092
392
3584
3670
3157
1978
3053
3495
3294
2412
2367
510
1236
2354
2839
94
1725
813
2590
568
3627
3304
456
164
2702
3587
1144
2318
3219
1776
717
1661
2993
195
2537
660
301
3215
909
1575
1367
2121
2353
1016
3976
423
3923
3150
2952
3926
3043
3269
699
1916
3986
3782
563
2411
2996
3397
462
3647
292
2871
1813
550
2496
2682
1116
2655
1214
2859
3515
1524
1267
1643
3624
3360
236
2621
1047
2079
2861
3246
752
288
1332
1829
79
300
1574
149
2278
1913
2805
1205
1986
3350
710
606
2598
1386
1316
1342
2766
2854
23
2825
2232
2764
3522
2719
59
2336
3737
1616
3159
446
1850
3155
1137
2436
3725
2533
2730
3762
1261
1010
2402
596
2095
891
2247
3595
1495
3234
3860
3259
2928
2009
3793
2977
2093
3909
3965
1002
1713
3510
1123
2879
210
1502
961
3057
1259
104
3106
2108
466
960
2265
33
2745
3630
259
3749
2681
731
2237
242
2700
3877
1941
175
1361
3404
1580
887
186
487
2695
77
477
1222
3153
744
760
2803
829
120
1064
115
2301
3340
3213
421
2883
572
474
604
3565
634
1779
358
958
1072
3990
2409
3845
1447
338
3173
3654
3474
3596
2034
1099
577
1742
924
225
527
346
3089
2856
2929
191
3863
3662
2985
2770
506
3418
1350
3744
1977
1838
2440
996
524
2358
450
1531
2596
2806
333
263
1670
3787
2557
882
1013
2203
561
605
1814
2291
3134
2282
347
2087
1706
747
3107
3284
532
1903
211
2788
2343
174
2426
3896
1959
2588
1387
3556
533
2900
3600
1140
2552
1311
640
3430
2589
1260
2876
1834
3594
215
795
1542
3214
137
2173
62
3941
1667
3346
414
3758
1110
2905
3718
2168
384
2893
3634
1414
3821
1093
1149
3581
3957
2726
1830
2560
3408
2258
3086
2794
967
3862
3876
2553
2249
780
2801
3369
1797
2135
1593
679
3498
2675
1189
3814
1541
2918
1827
1325
1936
801
109
2683
1289
538
415
3138
3597
575
2001
2982
1664
3560
1743
1497
1938
2218
2356
46
3122
136
2236
2397
1344
3055
2296
1201
416
2908
3220
1561
2406
2231
3317
2585
2686
713
3547
682
304
14
2817
3783
2205
1636
1127
2842
508
1407
767
1077
1534
3638
2746
3887
2573
870
1560
3457
178
1391
900
1430
3731
846
493
3768
1488
620
2791
3939
1115
3938
1092
3739
2101
1416
3382
1015
1271
2442
1111
1006
2113
2514
1185
3395
3962
1393
2206
3217
3912
1730
3210
2676
1537
1478
753
1989
612
522
598
3305
784
1958
1566
762
305
2483
613
1183
2400
3209
1340
787
3688
1130
2350
940
89
514
3392
513
2091
553
2574
2998
2416
3262
214
1727
3835
3842
2628
1441
3469
1275
285
3533
732
2471
8
1258
1849
2729
992
2634
402
2260
1627
2153
1793
2507
2375
862
1262
3274
280
3023
3995
1415
470
3691
3024
3559
166
565
2945
3002
2738
895
3519
1151
1009
1691
3494
268
2704
2732
2761
1450
2548
800
1915
2234
585
3878
949
2969
3367
1173
2058
3017
1392
2636
3761
3226
1071
2316
1697
1379
2617
574
2629
1354
2106
3736
3493
1171
2302
3009
3723
1076
2185
367
3110
2550
2964
3094
1086
2949
66
1677
3176
3365
2197
794
3892
3456
3907
190
2107
1147
878
3583
761
312
1198
196
2826
937
2188
922
2712
2160
2310
1718
158
894
2080
480
2283
3891
266
3637
1946
3751
1511
1674
2007
3714
3975
2158
1109
772
2164
1492
571
1671
3240
1892
2159
1452
2317
1532
3865
1547
3298
1118
2346
2725
1509
167
3287
2224
2130
3364
1180
2650
370
3323
3095
567
1196
2384
2609
1931
185
2622
3100
2828
3625
1982
3788
1912
290
653
2665
1470
997
2110
2647
919
257
3161
3076
3248
3487
3129
3586
2387
55
3569
3593
2443
580
1068
2607
3931
2716
3307
1595
2953
2223
3571
2098
2378
1057
1199
265
3750
2915
3621
593
1382
366
2469
3227
2003
1155
1021
2499
1308
362
669
3190
2833
2181
3949
3996
1568
1933
589
1046
206
1971
503
758
3327
3801
838
1526
1213
818
942
708
595
3446
2989
501
165
627
1939
57
2398
381
1704
2210
3523
618
1235
1406
3500
157
670
1831
170
1412
893
1600
464
3426
810
68
2033
2256
3611
982
566
410
1305
3461
500
2898
2069
2577
2604
1544
2966
2479
1899
2149
3201
3319
2120
2522
2486
1366
934
124
1528
1172
1768
28
3168
1160
2549
2873
814
3984
3026
433
3211
3320
3105
461
3028
1032
2841
2061
2864
2103
1191
255
2851
2004
1865
1591
1781
698
1320
1835
2853
3385
3506
3641
2509
3332
3291
3903
2959
1879
2780
177
1218
1228
3126
1942
2601
1038
372
2328
3686
2422
3944
400
406
3311
1212
3695
3096
1294
2455
1737
1408
34
526
2708
2666
2347
531
2246
3014
2769
1413
983
2599
3108
278
1678
735
2847
956
2912
1655
3277
1025
340
2456
1644
172
3034
3557
688
12
1051
3179
1791
3663
594
1055
963
1590
296
2245
2082
3548
993
3698
2136
1356
858
1853
113
150
1053
797
2192
426
855
3798
3422
405
1307
3060
1699
3186
662
3988
1040
3707
1479
3622
966
2742
1610
3687
2139
44
1001
2669
1033
3682
9
3743
430
2511
1607
3784
1885
2974
194
733
1711
1384
2252
3218
1597
3432
587
69
2592
2090
2253
3466
2352
3373
957
274
97
2691
1755
1637
42
2441
411
655
3123
1378
145
1979
2217
2885
1491
2261
2015
1846
431
3413
2513
830
1270
3419
1020
201
1826
1623
3175
3119
468
704
2584
1405
1891
720
41
677
2428
1837
3012
2541
939
1264
678
2947
1327
2674
2239
19
1421
2266
2642
1230
1312
2564
2899
1754
519
2427
2678
1864
3899
1991
1273
2630
232
856
869
2390
3271
234
160
2327
1985
2229
3683
2658
1498
58
648
841
2293
497
3257
2502
3773
3436
3068
2474
2140
517
401
3308
1297
3325
1882
3531
837
3276
1856
1365
3520
2475
2177
1840
3781
2539
3181
1549
3470
2633
1728
2941
1533
3406
134
3958
298
622
3335
1633
1683
843
2566
2670
29
3837
867
2330
27
651
2520
1184
3629
2684
3919
1081
2902
3694
923
3563
1545
3900
2473
203
2183
1124
3067
2174
1244
135
1998
330
3857
3588
3351
3748
3799
2680
1027
1771
3994
2219
1873
3015
2685
2615
1692
3136
3879
2595
591
3524
734
3264
1220
3650
2233
965
1601
3542
3322
769
3063
1947
2225
3445
90
2852
3166
3978
1786
573
2827
1604
988
2688
1023
483
1193
3345
30
2763
2421
2133
3730
389
239
691
2200
2751
7
2313
3791
1646
1303
1719
306
1298
663
1061
276
2240
873
3546
1396
1976
1377
2916
3231
2500
1277
1089
2536
3820
2638
3285
108
3099
2306
2271
809
2995
2973
857
1824
163
1764
2368
67
100
2470
1609
1741
3401
820
269
850
3091
181
925
3188
2784
169
944
2713
1820
3785
3945
3316
3083
1765
1948
3997
1036
3051
3032
1703
3394
3003
1935
864
1922
1494
202
245
2960
2569
371
2697
3117
3071
3040
2540
3528
865
1875
3724
3355
3333
2364
2690
2990
2383
1070
898
773
3825
624
1250
719
3424
3967
886
3536
3384
1128
954
3064
3478
3244
2064
47
279
969
1429
244
520
168
2220
16
1208
437
902
2466
226
1592
2267
363
2819
690
1094
87
3383
1951
2954
1654
2501
2846
3080
852
1756
885
1871
2752
3149
3856
3507
2715
3705
1292
3473
806
2379
674
1499
2620
2216
2166
1650
2565
643
1425
2319
687
3025
1373
2461
879
1019
3564
831
3803
2044
979
457
2519
329
851
1223
3289
991
543
2059
3162
3172
3475
2795
2030
3342
2789
2951
649
1567
1324
2118
905
293
1587
1862
3655
325
3245
3678
2649
509
3775
3832
448
2651
1512
2179
1253
1388
3539
2644
681
2407
2088
1231
2611
3393
220
151
307
3558
2373
1629
2344
2561
229
1423
451
2832
516
504
2193
3676
2535
2388
2290
1376
3570
152
60
3124
1104
3859
3610
2144
1276
1505
1103
1809
1551
3410
2783
2937
1243
2860
1278
3483
3552
1543
3160
3309
469
740
221
2810
1374
96
906
3767
3256
1632
1539
3484
962
1626
1125
303
1358
2936
876
3135
875
1475
2878
350
2602
270
1640
3735
3223
2532
3911
1672
3943
1456
1589
2849
832
413
2798
412
1401
2844
3795
398
783
1453
3407
1044
490
1635
2671
2703
2054
3927
1707
319
3810
1368
3116
1143
1527
592
2877
1708
1956
2254
3661
3824
609
3
460
3677
3467
2269
611
2760
2119
2759
15
1877
507
3079
1658
442
2363
75
1987
3763
1302
3789
1845
3779
1157
584
868
3459
3187
943
105
3438
3644
935
322
1777
2756
56
3447
443
125
759
1890
40
3715
267
3830
1811
3669
1108
1247
2468
3681
2711
1701
2909
2913
3930
1851
1245
3279
1282
3196
1370
467
2062
3543
1818
3685
1287
395
2123
2613
2572
871
3838
1154
2927
1477
1656
2774
2337
2749
3917
2562
1565
324
101
141
1159
390
127
2965
3293
2910
3439
2418
849
3590
999
1761
2449
1624
1949
1571
775
2820
143
294
1803
3834
826
3374
61
1700
644
3479
258
1715
1263
1901
3270
458
2162
1167
2399
2808
3103
2476
2687
1135
3816
3101
365
2582
2415
1091
393
2807
1007
3717
3843
742
782
1063
3450
1098
3777
3508
2836
2465
2527
3914
3796
718
3639
2277
1394
626
311
122
3142
1049
1232
146
2242
2578
1757
3668
3216
833
880
1751
2747
1745
2467
1355
1337
3191
657
2765
3180
2848
2227
2518
706
3817
3366
1315
1428
1740
1095
1346
3591
3141
1648
1252
2986
3090
1952
715
2335
2035
444
2452
2907
3443
65
3468
2057
3243
3883
805
1161
2654
2171
3849
3140
3077
52
1411
3645
2896
616
928
590
3897
2021
1710
197
1268
275
3754
3741
2731
375
2027
2887
3759
1328
3979
2489
1179
1333
2648
994
970
3097
2869
1309
238
707
2768
2161
3780
3224
1162
2068
222
2077
2073
2785
382
2623
3913
2956
3263
3753
739
3690
3550
3640
2286
3318
205
2528
2492
1934
1905
2696
1067
686
1523
807
217
3800
2793
85
668
498
3692
2152
310
2739
3255
3554
3048
3085
2000
317
1122
3088
2198
92
1446
1557
117
3193
337
327
3699
774
2821
897
250
786
289
1290
394
1126
447
1251
892
636
588
2454
187
1911
802
3852
2515
1317
2050
537
2190
1202
673
3936
1272
3684
51
570
1553
3486
2046
1216
743
2677
3521
3199
726
3087
2386
2657
3130
2895
286
3728
1293
3947
1088
2906
2053
131
2067
3530
369
2570
3281
2714
3568
2263
2023
3005
1929
3376
1807
711
3137
1188
1078
3238
1582
3697
2270
1857
2194
2348
3987
1833
973
2579
2065
3701
251
3541
2659
599
260
3992
3029
1469
1348
3561
434
3114
1442
2804
1968
2972
2255
3164
808
3642
2772
1558
796
955
3873
1723
1465
1042
3312
1166
1060
560
2345
3454
3178
1026
2408
659
1863
1983
3511
1579
3813
2639
3062
1897
1868
3890
3464
420
2925
3612
1121
3050
3458
459
672
1513
601
3084
2735
2448
959
3499
722
2919
107
2437
817
1805
1538
3415
2423
578
1169
3918
2462
1806
1631
1762
2414
3850
2257
308
1489
262
2018
3472
1330
3021
665
2637
3752
3806
3502
2930
1673
3598
91
1371
3935
93
1217
1993
176
3603
2392
2132
1525
2606
356
2619
3540
3815
861
2517
1237
264
1930
1970
2202
438
3885
1908
2963
804
378
2911
2978
2322
1181
3672
765
1493
1174
2150
3872
1404
1792
193
1878
200
2799
964
3999
3616
3648
1734
1914
1874
664
2259
397
377
1680
2170
2831
1739
756
3769
2773
2117
3460
1961
619
1666
2250
1326
2575
3828
1619
671
349
3513
1134
823
3509
3833
803
1417
2284
2304
3195
730
1972
2114
1603
1645
1364
676
1608
781
2366
1844
88
212
564
2109
1336
2775
2710
2086
2635
1867
374
1973
2143
476
1769
404
3836
1821
2326
1540
860
159
2816
1747
1187
1928
1142
2750
103
2128
3831
2551
70
2976
1686
3738
977
427
2614
2754
3866
3605
1357
309
2494
600
764
1749
2834
3772
951
3314
1550
1733
1758
2531
3649
2305
3297
791
646
2787
989
890
3480
701
2097
2835
1634
2037
3428
1288
2957
505
1647
3732
2382
1249
351
1778
3582
2980
1461
1800
2451
21
3966
3128
2610
2074
2491
3614
700
3599
1031
658
3239
1480
661
1443
3657
3514
3045
2641
2049
763
486
3070
1861
1132
1486
1906
54
3525
3241
757
2248
2777
525
271
2748
3250
13
3158
2931
3109
3347
3111
2962
2994
173
874
1657
1690
284
1962
3922
1802
2288
1997
3007
1963
233
1141
2653
2311
1426
1752
99
2939
1599
3666
2458
2043
126
1454
811
1746
223
453
1698
102
1517
1029
3379
83
1240
2331
2850
2403
3042
243
1283
1182
2673
946
3006
133
2480
2404
1395
1200
1106
37
2512
1410
3991
2450
207
2019
2779
1720
1163
985
1688
342
3036
78
17
3679
2338
2740
2504
2324
3427
3082
1449
3326
3038
995
1148
1
3265
1043
3295
2546
2812
839
2006
915
1490
2581
3516
1234
1750
1585
3381
417
2874
3052
3331
512
714
3230
2374
1927
3044
3258
2410
1825
1254
1117
3993
2396
1732
3985
2870
1884
2464
3643
2063
209
1238
118
654
1617
822
3716
1822
111
932
754
3868
142
3206
1817
2413
685
2102
3964
2365
2420
3805
1226
788
1482
1221
386
2482
1457
2357
3960
827
2445
3236
3874
2145
3505
539
3721
82
3790
3711
521
2360
1503
2075
361
81
2961
3292
889
3182
844
1681
1944
2923
2361
1227
1120
407
623
2243
1859
1665
368
1889
2508
1114
3555
3526
3463
74
1852
1075
908
2459
1731
3998
3073
1816
1926
502
331
2717
1969
3398
373
1190
3517
391
3112
1605
1286
630
3266
2401
3710
847
2979
2797
179
2627
3840
2182
3280
656
2308
2881
1855
452
439
2823
1620
3235
3065
1175
2744
1291
3310
2600
936
3290
3747
388
3018
22
3702
3628
3169
2477
219
1203
716
1402
1301
2516
2946
2643
2100
1679
3706
2154
2084
1381
2940
3974
3880
2439
1427
2189
3937
2294
1945
3037
3011
3504
3712
3660
1012
2524
2866
1451
71
2521
1578
552
2211
3113
1548
2191
2559
2724
2207
1424
3453
3228
2028
3358
2855
3451
638
1256
313
302
2938
3296
2431
3952
3693
1323
3010
2948
3659
1369
547
182
1296
929
727
3488
3286
3888
2493
1164
376
379
3574
3336
1900
1065
2099
1418
1594
3906
1295
110
484
3403
1841
3562
2728
1285
2505
73
2424
3934
63
1744
836
2981
748
3733
968
3359
1145
3848
429
2395
1767
776
355
387
3924
834
2921
3400
1843
3001
556
746
154
736
1668
551
3031
2272
3125
1059
2935
2944
859
1694
1555
1898
3242
2538
1662
1773
2138
2299
3145
106
1924
544
2047
2321
2040
2060
2545
904
721
1463
1598
2920
950
1729
3808
454
2111
3982
2525
6
148
3118
2781
1186
1663
339
645
435
918
1274
3133
1521
1352
3981
2625
2757
26
712
2370
409
2314
2147
3361
291
2809
3489
3864
1209
162
1712
1039
2405
2605
1630
1138
2213
3727
3734
2858
2
2733
344
3282
1687
254
3807
2487
3411
1943
582
1790
138
318
2498
3098
2580
1789
2943
1614
1625
1870
980
2723
650
1530
1795
2048
2481
326
35
3120
3143
1481
3618
1487
1918
98
629
3895
3592
3339
1458
481
555
3139
3414
1828
2105
2005
2603
1083
1022
2196
2244
3970
3955
123
3041
343
971
171
2180
1105
3617
3362
534
2359
3165
2593
1204
3882
3299
2289
53
422
2417
835
1433
3601
1074
1313
755
3253
1194
1269
615
43
1052
2184
684
3261
2435
2721
888
3696
2689
3680
2660
927
3019
789
2663
277
1229
1150
610
2297
1504
1440
1349
1398
978
1788
2811
2104
2631
2186
3267
3377
2867
471
917
2349
635
1005
3794
2032
155
3431
2892
2309
3904
1995
297
725
3121
515
3452
2934
2555
3221
1919
2463
2914
2884
1753
1444
1084
1438
2762
2280
2556
2845
692
1974
320
3635
2273
1904
336
1770
1246
3871
1082
2800
2341
2010
1383
228
2320
1359
693
2460
2042
3154
2012
3764
1168
1702
1990
3968
3174
840
3989
3354
812
1909
18
3608
1659
779
863
2992
896
235
3208
1872
1284
2699
3928
3961
2369
3950
3573
530
3867
3619
36
523
3653
2085
3632
1810
3344
445
1079
3306
230
3144
793
3481
1896
2624
1618
2013
824
282
3566
3847
1420
1953
984
188
1932
252
2285
2156
1920
10
3664
2126
2495
1062
418
1717
1300
3778
1455
84
3875
3901
419
2052
3058
3902
2008
1506
1113
3953
2124
2151
3449
2632
1195
4
332
3719
3671
3151
1559
1508
2332
941
345
1464
3198
341
1869
2567
3792
1940
3667
3324
3402
2698
3496
121
1107
2530
914
2652
1615
3338
2089
3915
771
1860
3222
3390
2755
1563
2029
3905
2178
1058
86
666
1774
3544
554
697
315
247
2298
3420
1785
3272
3827
1338
3579
1080
2942
147
3898
3313
617
1881
1529
2146
2857
3983
359
1823
3651
3093
2295
1812
1133
20
1923
3956
2796
261
2307
2818
625
2325
1206
281
3455
1612
1787
953
95
1639
130
2430
3334
1964
3192
5
1419
2127
156
272
1955
986
981
3851
938
603
1085
3746
975
2880
3534
3613
2371
1176
3251
628
2709
576
546
3532
2664
1854
316
2792
3689
3804
2837
485
2705
883
479
1839
529
2707
3328
2843
1999
1992
2903
2215
494
2983
3623
751
2891
1507
3225
2618
213
218
1279
2020
2776
790
3609
1219
3389
441
80
2381
2554
3375
1351
241
2955
2070
2875
2024
492
3000
1024
2586
396
3049
3412
3969
3910
3329
364
1649
2478
602
637
2137
3356
2165
1716
499
1400
2786
3921
745
2661
114
3575
3602
3757
3633
3656
1784
1652
3204
2125
3278
1709
1981
1281
2453
1146
3797
1766
1097
558
1921
1129
1516
2822
1894
1569
511
2888
436
1299
3854
3146
2129
478
432
2693
2315
3893
3823
931
1056
2737
240
2868
3713
3039
2679
1242
1343
2890
3853
3482
642
1611
2031
3237
866
1759
3774
2917
3421
3704
3189
3527
3973
2814
1577
2142
3490
1436
3442
2968
3576
249
3700
2214
3252
1476
1018
321
535
2092
3518
1917
3658
1876
2958
1695
2045
3170
548
933
549
1466
3433
3074
3391
3626
1638
990
3884
287
901
2506
778
3745
872
199
3756
903
569
1735
926
3703
1360
11
1467
72
224
1866
3260
2926
899
3776
204
881
540
1399
798
912
3372
583
1500
3631
1266
1836
3033
354
1902
815
2134
1556
1586
1622
3477
2484
1158
1696
1422
792
3300
3435
1008
25
1345
1280
2967
3615
1468
449
3035
3378
1642
3585
3056
2380
828
184
1014
696
2668
3441
2904
496
2542
675
3809
3061
246
2096
1073
2490
1462
3812
3726
1684
2718
702
2497
192
1895
2640
557
741
3770
227
1485
3925
2083
3437
3916
2329
237
2591
1003
2662
945
2228
2275
641
144
1431
2997
2587
825
948
1178
1233
1669
621
2457
1096
2523
428
2351
1119
335
854
1390
1689
3580
2971
1362
2932
1721
1331
2342
2303
2131
3370
2734
1484
3881
3171
2872
3577
3462
1192
2924
853
2656
2447
1794
2238
1693
777
1628
357
2558
129
2526
3971
3075
248
3363
3932
1783
3578
766
2771
3004
2339
1439
3233
3818
3054
475
3870
1363
1035
3386
749
3492
1177
3200
1045
1660
3072
3405
1257
2394
116
3348
1653
1306
3417
737
1028
2790
2312
2594
729
1596
3254
1347
3434
2389
542
1385
3349
1153
3183
3886
3315
463
3572
3920
440
3232
2438
3059
24
1139
2071
1460
2645
3013
2975
1101
2933
3959
3742
1041
1957
1535
1030
3207
380
3184
3537
2815
3646
1522
916
2741
3855
3008
2025
2212
597
2112
3977
1131
1102
1832
2419
273
536
1893
3302
1738
1748
3388
2176
455
1967
2991
1310
1726
723
3951
3822
2264
3607
2434
3846
2076
579
2376
2840
3604
1445
3046
1965
1152
3448
3066
998
1819
3399
3115
3551
2813
1984
1265
1471
2802
3942
1321
3673
1883
2425
3102
913
3908
3396
1842
2547
50
2829
1588
3503
2571
3858
3665
3027
1536
112
3212
1584
1570
1066
31
3078
528
3766
3127
947
2597
403
2167
2122
2235
2195
76
1736
1165
2148
488
3948
489
738
1514
3069
2743
465
3674
562
2782
3131
3303
1255
1994
3020
3147
64
1448
1581
3811
3429
2882
2894
2038
189
683
2072
3205
3567
581
2583
1210
3353
3844
1722
1215
3016
1966
1335
2444
3940
408
2433
1975
2226
3268
