3000
1930
2760
1640
399
348
995
2749
343
2766
1538
2404
17
1860
992
1583
604
1213
61
1553
401
1917
595
2015
484
1148
1534
787
2151
134
2890
2189
273
1625
1315
1356
233
2157
1184
1311
2258
1420
1481
1573
14
569
2344
429
2287
448
2112
497
2965
2074
2024
1227
1216
1769
488
806
1081
1950
2731
725
1584
1476
947
1566
760
639
26
1677
2140
659
634
1101
2536
2210
1559
339
2124
2295
2990
313
1
2392
2661
1562
1905
35
533
2652
2289
966
483
1827
2885
2667
1295
1978
2533
1077
1708
2213
1857
1256
1054
2525
2401
1294
2566
2324
221
2873
2699
915
884
2814
1377
1984
2892
1157
2428
1284
370
2202
2453
1515
452
1464
2736
2959
90
2721
171
1214
2342
418
2783
2372
1249
1266
1137
1153
545
2159
2777
1673
1163
158
2951
2327
2591
1093
2389
249
2680
742
2075
918
470
2501
586
2176
2418
2
2323
1411
981
753
2421
2974
525
2623
1242
2796
2166
501
1076
2546
1469
1477
142
840
1043
333
2532
1980
598
2514
608
1108
2228
987
1301
414
1322
203
304
662
2303
1531
2618
2310
2359
1976
1351
2427
2195
120
8
1497
2715
277
2046
1902
3
445
1911
1434
1147
290
1951
2510
1001
2063
1193
2746
2672
1165
124
2383
1722
188
518
116
931
2279
1035
1247
117
384
1918
2064
69
2134
1456
952
1928
2199
1429
557
517
1867
2827
2641
2639
2966
2932
1292
2846
1338
515
2571
1413
2072
1053
2070
344
236
939
1470
1684
2605
2325
280
2807
621
410
2018
2539
2254
495
568
1056
2236
698
367
1215
2528
1316
1362
2306
1919
2714
2758
96
2021
789
23
772
2339
933
2280
2841
276
1498
1296
2142
271
218
2526
1732
1383
2708
2048
824
1982
635
2180
1370
2441
1782
2219
2581
873
128
2772
2170
1482
139
2357
2009
1074
2570
1958
1457
2365
2116
2207
1733
1575
1478
315
2635
803
2173
2610
1953
1269
2722
1882
1306
2367
242
2386
1734
1155
1546
1235
2690
1751
2733
2912
2678
2563
314
1355
668
9
1474
1721
2436
2016
1008
1890
2400
855
2260
243
416
397
94
366
2298
265
268
1387
2991
491
1624
919
1260
29
1123
1341
2230
2656
2621
923
1554
1167
1203
235
628
2889
2587
924
2584
1159
750
84
1655
1414
2848
1522
790
1916
2052
2394
1453
2972
1181
1663
1574
2384
1725
2000
1960
1989
2828
323
2938
2025
1486
465
1166
2888
1015
2887
1603
1234
795
743
1460
2642
641
1937
1820
815
2725
2555
1210
847
2674
2395
811
629
978
2580
2911
1324
371
2424
1243
2066
174
1136
2243
1401
1616
983
2013
866
1659
2485
2564
266
1390
1272
1312
2509
1998
1913
317
1345
856
1418
2627
274
2408
571
2800
914
1898
1810
2578
1029
2029
2742
1084
1533
123
554
2290
1308
1113
1884
2054
1709
2442
1032
2521
4
2001
553
1182
1511
1194
2122
2776
1776
1612
2668
2864
136
520
2670
1894
678
2717
2738
2852
1211
2076
2402
1581
2171
706
473
1461
2540
1641
1736
1643
2319
2881
496
1676
1671
993
828
868
1104
1199
2120
2886
1319
2331
624
913
2629
363
2458
2446
494
2826
594
2831
36
2630
786
2611
447
423
2249
2930
2197
1923
2113
2304
1502
2850
625
1529
2585
2158
980
2264
1412
2676
2589
1505
2393
2090
783
1393
519
2706
395
147
778
2117
1021
982
1082
576
2084
1956
1444
2388
1672
1645
2097
2900
2727
1443
1428
648
170
752
2815
2222
2985
2789
2645
44
1327
721
658
1510
1745
944
2360
1277
2218
2227
2832
260
2204
1711
1590
530
2309
2079
1314
99
2658
1396
558
2535
2556
468
1090
1326
2263
986
709
1063
587
644
1938
1719
1623
701
505
1845
1907
2026
2014
1926
1376
255
2836
2423
766
2335
2069
2443
100
1871
724
1532
2803
1685
665
413
2498
1305
562
325
916
377
2516
2368
899
2604
2713
2276
1876
2945
49
770
426
1350
1705
2575
77
996
1631
574
1707
2968
432
2628
1089
1679
2414
1572
1765
231
1335
489
1158
934
1026
991
1817
1957
193
2782
162
145
64
2632
1602
2840
105
1518
312
373
822
1127
2901
1560
1385
248
858
2716
2028
2126
2469
2437
2336
2358
1785
1042
2839
561
2223
1209
632
718
816
1360
213
138
1728
1048
1468
328
765
2353
1442
2193
1714
2362
616
392
163
700
900
2476
2855
374
1255
332
580
341
1632
1883
79
2284
2356
2710
2976
2921
1564
1178
63
1233
1653
305
2877
1447
2992
1492
2307
1172
1678
1686
2617
1196
241
2778
2933
1606
1342
1669
368
225
2091
2830
2895
1802
2332
1784
679
2370
88
1398
2994
2588
2023
805
1767
2491
2576
1463
2108
1096
1098
1321
2068
2801
1480
2187
2906
2192
1646
2925
1700
2262
1451
977
1183
833
1374
2728
1853
1508
1187
2853
2373
2153
391
2233
2132
1120
2334
157
902
1525
372
1060
1723
917
730
2767
1906
1068
2756
1475
2704
2237
979
1738
2321
1049
687
443
2037
2551
6
306
835
2121
1521
2346
1922
1981
893
2271
2882
2601
2573
1579
657
2174
1818
852
2406
2677
1755
1323
2550
1509
2017
2909
854
1877
1499
512
2565
297
976
80
1300
693
1537
318
2750
269
284
2488
712
1070
1710
1636
769
2740
2369
1730
2363
1652
959
626
906
449
1563
1075
792
2955
738
2095
2622
1110
2944
109
1198
2452
1862
1750
1571
1302
1359
456
1271
1870
2820
1904
969
819
2445
575
685
971
485
324
940
2530
211
1605
1756
1064
1530
1206
1381
645
2221
593
1620
1520
73
614
664
404
2087
1435
1589
997
1371
2545
1205
1931
1628
1634
1224
2869
921
2818
2177
1558
2554
380
1050
2411
670
331
1450
309
2311
2775
2305
549
396
1133
1832
1763
1607
54
180
2492
1369
651
2695
168
825
1773
1488
2956
1622
21
2942
1789
27
322
1448
2472
755
1909
844
2752
2282
1995
279
2647
2723
161
1226
59
359
2278
958
1977
2929
1257
1399
2520
1824
184
1270
2593
1223
511
2496
2041
1801
1244
1873
199
22
839
394
2527
2071
830
2547
2751
131
2780
1815
2435
2088
298
1293
2935
2986
1057
2502
227
1766
2786
642
229
1175
2894
1541
2247
1731
2943
1591
1071
1759
478
2043
1979
2987
2429
941
2226
2876
247
2797
2145
412
492
885
1941
1507
845
2638
1932
1598
1131
788
1033
544
95
402
1112
32
189
1173
637
1012
1798
2505
1426
135
1739
603
2483
1697
52
694
97
114
1220
216
2343
1494
2664
2743
1597
2214
781
1146
1613
1588
985
1753
513
1790
2456
1091
1094
1897
950
1863
2301
1069
1217
1920
1806
972
2834
1363
2410
1329
2784
1107
1228
548
2257
31
1568
1858
2953
53
2916
2375
807
849
2495
1779
1985
1455
2829
1189
364
1942
2774
148
1334
2619
1650
7
925
522
2449
85
1479
1735
799
547
28
1910
375
12
2251
1948
640
1309
40
1847
514
1034
967
246
1944
2231
2322
475
1939
874
797
2067
2684
1962
78
531
338
2123
2948
2671
51
1298
2681
591
176
859
2977
1251
2804
510
1567
2172
1517
2154
1648
2679
920
285
1489
1844
2544
889
676
695
20
1846
1132
311
2809
2872
1975
1660
2868
2086
1740
2081
2130
2637
622
1582
809
737
1466
1936
527
1417
2150
1706
474
1675
666
1416
2891
1161
663
898
487
66
2609
1586
2107
1375
2329
181
1587
1999
2409
1986
1825
1839
989
1382
2141
222
1638
2583
146
2732
2300
55
2931
2954
2036
1138
2434
814
1577
2867
1600
728
620
2874
896
720
172
1331
2398
540
2866
108
1495
1819
379
434
782
101
1484
1119
775
1800
220
2919
832
1024
87
454
1933
2883
125
2147
504
1889
848
1013
2366
2764
1872
1627
2312
2534
2754
867
1280
349
2161
2349
1023
585
964
81
1436
2313
963
2385
127
777
2403
183
1869
195
1129
2477
2252
1372
37
1354
1635
2413
2250
1402
1176
2851
1551
150
1720
2340
2283
2741
1379
592
2234
669
185
89
2984
2288
1274
1713
821
745
1297
1609
1611
205
990
403
2947
444
1170
2595
2293
672
973
107
610
891
1156
2049
1408
1218
607
1268
2440
1028
2538
1039
2377
2761
1459
2860
652
1465
2006
2450
1454
1287
463
2073
938
749
699
2649
2779
2232
2857
890
1557
2971
1593
2137
1011
715
631
1262
2606
546
1761
1535
1261
1241
2270
19
206
1088
827
2702
291
785
2333
741
1022
2765
1716
1702
1576
922
1874
541
1332
804
1601
319
937
1100
1691
2879
1809
2552
1681
175
2964
1185
238
2169
808
2981
217
1002
617
618
926
812
1059
2422
2560
2962
2464
2378
1657
122
1115
2374
1106
140
551
2665
386
1901
757
892
727
437
1915
2603
2908
2640
1471
74
2594
686
532
942
340
1794
461
1285
703
453
2726
1004
2845
756
1263
2211
2337
1040
39
2318
1275
358
736
2805
1304
1258
929
2790
164
194
2499
1698
400
1195
1010
2969
1940
675
1988
2963
2511
275
2412
1020
1458
2433
283
656
2011
1696
42
2416
187
2454
1523
731
2553
350
1513
2898
1406
1760
1615
407
2939
2788
2697
204
1232
1997
850
851
2821
1221
153
2487
1047
500
2847
2098
2861
1041
2748
949
38
643
1830
954
1715
2918
169
567
1892
2183
2058
30
329
10
2763
1803
1135
1555
1972
1717
2795
2407
351
2002
1281
2657
2245
1168
2542
1441
2633
1337
2662
2484
1885
65
1536
1250
1086
962
2273
144
316
2194
1009
2010
1955
578
2267
2198
1654
543
946
2718
383
1924
1903
2904
688
1017
1397
2859
2281
1726
1487
1973
1842
2993
1415
2957
2907
2240
1225
1921
2115
2569
2118
165
974
1340
1967
2773
740
1996
1062
1045
2781
1253
2285
1307
1400
646
287
1078
1467
748
2508
2175
2724
270
2843
707
111
1318
2811
1848
2500
1066
209
198
446
292
534
2686
862
2482
2910
2391
1795
556
1804
262
1085
419
865
1240
1421
2794
1343
1752
103
132
2799
537
48
1668
1283
1849
2182
353
2103
2417
881
2615
953
708
754
1384
1419
2162
365
2905
1392
224
2277
2274
2286
1339
2415
1927
927
2705
1111
1744
286
2494
2651
683
2480
2973
1361
2062
2819
2729
1320
471
1409
182
612
2004
2687
1114
1649
1861
70
1134
601
2636
472
58
1841
294
2094
2473
1552
1036
2871
2559
735
186
636
573
2200
450
1854
481
943
86
1629
2242
1212
2314
2703
2438
2862
2596
1974
671
1154
1900
910
2047
301
746
1449
2787
1693
1431
565
623
415
2253
390
1692
1527
2259
779
93
716
1952
2085
2691
2355
45
1282
1896
1781
582
2399
2770
1485
2608
2457
2380
901
1626
2179
2101
2557
732
1313
2626
774
1299
1786
1395
252
2493
2946
619
627
734
1618
1699
1599
2241
289
2810
674
191
945
713
2961
1472
2114
2269
299
1807
2425
1667
1430
2893
1423
1875
2109
458
215
2835
2239
1868
1780
751
1929
791
2812
1407
682
2562
912
2813
118
521
529
2988
1633
2248
159
2050
649
1410
566
1596
72
2347
210
420
887
2574
998
425
2244
2970
609
2462
2884
2351
691
2512
1808
200
2682
1097
2099
326
2082
321
2683
2624
112
50
1139
597
1051
2256
451
2266
110
1642
2461
1757
2208
2531
630
2978
956
875
1630
1204
2762
2127
1747
2937
2053
1943
908
1569
219
440
2110
905
1743
2275
337
2701
907
1670
1405
863
2666
2648
2432
2689
2038
2003
1424
2387
2614
2206
261
1656
955
542
1164
421
119
106
1701
1969
1037
167
253
794
758
126
613
1105
133
459
957
2980
1935
2612
2960
897
800
2548
2317
1014
2019
1504
2504
477
988
2558
704
327
909
538
1389
1391
156
1190
2308
975
2447
837
1099
405
2265
1580
1160
2039
2914
462
60
424
1264
381
2155
2659
2522
2474
2842
47
2138
303
2096
2607
526
2952
722
948
1514
226
212
1289
1855
1934
417
1823
2167
92
1328
673
2083
2967
524
1834
2513
2297
935
1881
559
846
936
1433
1177
1025
1689
149
509
680
387
650
2936
2030
802
768
2928
357
223
1799
433
2032
2181
43
638
239
2913
550
2523
2419
2739
2022
1483
1836
1102
1762
1704
1347
498
1357
1290
1366
1265
2579
1592
115
18
2106
2712
214
1346
1946
810
2338
1688
16
2950
717
2602
411
256
1065
2958
2186
355
201
2165
661
360
1797
2490
2178
1116
1186
1230
2328
705
2268
2926
508
528
960
178
2185
2160
820
460
130
1352
1378
764
2078
1500
25
464
346
776
251
747
1805
455
2060
2675
1665
2217
2824
1192
2008
467
362
2696
2119
2148
1549
151
2448
1829
1619
2519
655
2663
2294
2586
1003
2364
2156
376
2719
1286
2272
1866
2517
818
1694
1947
2644
2497
2698
2899
2896
1126
584
602
2753
1864
1197
2506
1279
1690
1364
2397
2061
1899
1394
76
2296
1749
1742
507
596
605
2700
726
1570
1427
2238
1594
2144
2572
2031
1893
2168
486
1895
33
2631
2688
330
1674
535
1171
2599
2376
1149
2203
1542
295
1770
2420
179
1052
1949
2598
1843
2352
46
82
831
2878
113
1440
2927
2315
1826
1821
1437
817
1565
1259
244
2299
1547
1124
2655
207
780
876
436
1019
2979
904
2139
834
2467
2205
2430
431
300
1925
841
342
2379
1664
177
2489
409
2983
2235
1000
563
1188
1073
1072
1473
1128
1644
589
1038
104
98
308
994
1207
2673
2216
1506
2345
2858
888
1768
1966
2837
2229
2455
2209
2465
1200
2808
1524
1130
393
2100
1703
2341
1878
482
2577
2798
2005
259
579
1229
1179
2468
2934
1432
354
1386
1202
1303
1852
2316
930
422
1016
1666
733
843
1662
872
588
2650
599
696
798
2998
660
1771
583
2735
1595
951
2348
1961
2755
91
877
1856
2537
2880
2149
1561
823
1122
1142
1658
2734
2833
398
2055
2405
2825
1774
1647
2844
1614
2793
2463
564
1151
2246
1388
293
739
857
190
2104
143
796
1578
1729
378
692
257
2660
278
552
1080
480
633
1005
408
615
2518
2143
56
2020
2439
968
250
2694
1310
506
1349
1992
1737
2549
2102
1886
102
2129
1545
895
232
2524
1445
1914
1007
1970
689
864
141
1764
2444
1046
245
572
1778
1908
2007
647
1143
2479
1030
345
263
1325
697
2475
442
1741
2044
264
2371
1837
2863
2396
813
1539
1712
2737
428
2059
1661
1058
1822
2188
1617
2654
1150
860
1814
719
121
1109
894
1912
1983
2997
2326
2613
1018
1959
869
829
307
2685
1380
62
1288
34
1169
1140
1239
282
2093
15
24
2056
2903
2597
1964
202
1880
2744
2941
2390
1812
1838
1993
2568
2515
272
1201
1031
1879
2838
1055
1162
2924
2224
2128
2920
667
2051
1793
681
2035
714
1087
1968
1404
2105
2135
801
1248
560
2543
2077
771
388
2949
2460
1365
2481
1317
336
1791
1651
2190
2131
2646
2854
1954
67
606
230
1079
1833
1971
1252
2292
516
2092
2361
1811
1687
853
2757
1367
677
240
577
1945
1865
1191
1828
2529
999
310
2125
11
1145
1141
2693
1493
197
369
965
2802
729
1585
555
296
438
57
1550
41
2184
1208
2999
2350
880
2989
71
258
83
759
2225
427
1516
234
2486
1990
723
1835
2255
1439
1501
2541
2849
2995
1718
335
382
2865
1219
490
911
1425
1772
570
1991
2261
152
1608
1695
2996
1237
2045
1754
2431
984
2164
2040
2590
2191
2771
1727
2823
1792
154
611
826
2785
2616
2471
389
173
871
1144
1813
1152
1278
1358
237
2478
192
1965
2600
838
1103
1403
254
334
1604
1462
2792
2503
1273
684
1682
581
2089
2567
1724
1888
479
1548
590
155
1117
878
2302
883
1851
1788
2747
439
763
267
2027
302
2152
836
2146
385
1236
2720
710
1680
2817
137
2940
2709
281
2592
2922
2459
1637
1452
2653
1095
2669
1027
430
441
356
1333
75
793
882
435
1238
2582
1891
1006
2136
457
2923
2791
1859
861
2012
2870
2643
2426
702
1528
1758
493
2759
1180
476
761
1746
653
469
784
654
347
1544
1556
903
2466
5
228
166
886
2215
1850
773
2057
2561
2856
767
879
1231
1348
1512
352
1963
1787
1222
2711
1121
1831
2470
499
2982
320
1246
523
1526
2692
2625
1373
1067
160
1061
1777
2902
1276
2196
1368
196
208
288
1503
2634
1783
842
2730
68
1291
1683
2975
870
1422
503
1775
1796
928
970
1887
2707
2212
1748
2451
1994
1344
2806
1254
2033
539
1840
762
1446
2768
1491
744
1330
1490
1610
1543
1267
1621
961
536
1092
2915
2080
2354
2320
1353
2163
466
2620
2111
1125
2769
2875
2201
1496
2034
1438
1987
2822
129
1044
406
2745
2133
2507
2917
2042
2330
1540
1816
361
1174
2816
690
2382
1639
13
1336
1519
2381
2220
2065
1118
1083
1245
600
2897
711
2291
932
502
