10000
9345
6797
9548
9773
4996
2527
2727
6226
2786
2283
1710
2734
6212
2198
8196
7969
7274
3845
4502
4337
6953
918
5174
986
5007
5758
3218
3479
738
616
392
6503
6000
3825
7895
964
3119
9426
6069
6153
1947
3786
8034
5207
9916
5593
7177
6099
4643
6790
4621
6851
159
5464
733
4775
9553
2396
3774
782
4217
7949
6111
7053
6729
554
9905
186
9712
4585
1363
7985
8064
710
7020
9511
6954
9180
9353
5257
9742
6181
3527
4930
8147
404
6979
2794
6330
5859
2400
4268
5409
7014
2245
7386
9306
7242
2314
1902
3384
8560
9076
2505
5536
4554
1939
2335
6311
3914
2928
905
6152
4478
8387
3532
5504
9381
3892
5694
167
9141
7068
870
3579
5584
7614
3745
1845
2722
8917
5148
7251
2746
250
625
1884
6321
3171
3722
6237
2773
9797
9302
6441
3463
6706
8857
406
8007
8616
2365
4038
9765
9176
1141
8390
7958
3924
5727
2140
2593
9140
5868
5329
29
3523
3550
7730
4932
2605
4789
9075
1235
237
9592
7850
6558
7076
2679
5877
4025
1862
1026
2535
220
6274
2317
2425
1805
7456
1575
8489
2262
4876
7688
8496
6800
3046
6506
1934
2319
40
4066
7108
3148
3922
6889
7528
8879
6382
6204
1190
5794
1483
3019
7654
897
3828
7625
3791
230
3025
9814
2447
1652
496
9157
8151
1151
9098
1186
8535
2426
3493
9555
256
1486
2671
1667
2372
8393
8904
8550
4959
9234
1029
5800
7778
3477
1490
2114
2459
9228
2657
6323
2918
5821
4375
8049
1271
9966
1185
2916
5538
5301
8413
4928
4784
8254
5142
3487
9167
801
9330
4541
5377
2528
3804
886
9883
2677
5760
1802
485
3092
3635
6393
1705
1790
6115
5457
9556
4652
9357
2541
4233
6522
4923
2194
1607
3240
622
8161
6872
1243
593
5108
8375
2226
584
7002
3637
4944
4668
2009
3757
9949
7041
3468
8502
2800
6384
5653
4226
3115
8451
5200
1307
7435
5104
8924
165
7493
9265
6032
8001
1286
4198
5424
3645
4829
8446
8075
2497
1517
4518
5001
4062
9109
4796
323
8424
841
3091
2925
594
325
5386
4065
6264
4429
7801
9378
8998
7382
1414
4206
4757
3624
8009
9208
9810
2521
5014
405
7370
1911
6103
3057
4623
6716
4262
8270
8042
2811
3945
7293
6822
5928
4562
2127
9470
6925
7542
1379
3898
7747
8380
2361
9610
3256
7388
9086
7562
4787
9322
7750
4276
2699
9269
6623
4556
9046
6308
5315
4107
2272
5960
9296
6918
8317
9123
9018
5788
1516
3178
3319
9755
373
6537
5277
4496
7578
1813
2428
7677
4360
1367
1202
7798
5418
3851
4377
3238
3168
2486
2739
4991
9256
9724
9687
3807
3809
5999
9711
6542
7995
7830
3833
8991
9583
592
7745
1837
1302
7059
8756
249
5785
5364
9641
7659
345
3727
8883
8558
4737
1317
104
7776
4592
7853
1164
5810
635
4235
7643
4266
8763
6809
2154
3998
3367
208
8974
352
1803
3492
9580
6139
3417
3559
5798
4521
742
9710
9019
4615
4443
658
6626
2536
6036
2462
4247
4681
2526
5235
1411
6333
6022
4938
6719
556
9207
7794
5083
8114
6919
5640
8745
3591
8838
7321
3724
2641
5552
8578
6852
2001
6631
5981
754
385
9627
4012
326
3704
2813
432
913
2741
8426
9131
1266
1282
9570
8814
7717
3844
7169
1198
6151
4822
6100
5454
3725
8820
9174
9854
4782
5481
1096
2510
9532
1816
7799
8785
8094
5617
4303
1225
962
4648
2516
2175
4153
4482
344
1589
9965
9586
6281
2826
8308
2164
6403
3299
2681
5166
6327
9739
7813
6627
9315
597
8343
4366
9122
1581
9551
5879
7127
9839
6725
9069
997
9734
1716
5950
9684
2870
6412
8035
6937
9929
9248
6484
7010
260
9186
5963
1337
1689
9295
5913
7194
5394
9061
9946
2087
3668
2835
5856
907
7568
3466
1399
960
2218
9673
2041
1173
2123
7529
2496
5010
7530
7471
5808
483
2781
4430
4727
1928
3277
1018
4667
697
7004
6050
7543
8238
8943
1562
287
5906
5804
7328
2080
8287
1228
7980
1304
9701
8551
8765
203
235
7485
9780
9250
5779
8768
7939
1244
7672
9887
6495
8302
5519
8013
2125
1713
1400
6475
3353
8601
1991
5802
6260
1726
4040
90
7855
5131
9187
4316
9539
4788
8383
6123
955
1114
7764
3406
1609
7308
6438
6707
7692
2418
1242
7571
6530
5368
653
9087
5948
4922
4396
2522
5404
512
4872
2333
8546
1481
3775
2069
2834
7560
6423
5391
8691
9517
3071
1608
1402
620
1052
791
825
4016
221
6182
1079
6618
8827
7713
8404
4810
8240
3655
4301
1138
1415
3928
1144
6948
2603
4779
1543
800
3316
1909
5955
3744
6230
9212
9478
6030
3163
2064
2293
3992
578
3354
4229
2502
4002
9507
4679
1826
4280
6015
2675
2117
6298
7248
1979
9928
7927
8121
3826
6070
1778
3095
8945
970
1478
8448
845
2482
4382
4134
5332
2251
3675
1135
8736
8978
4943
7786
1538
1980
2024
1046
3859
2632
2851
1882
3325
9907
640
4504
4244
2012
1288
2192
9124
5168
9389
5490
2188
4034
5887
428
8516
145
5890
8251
9531
263
7731
7367
6256
5137
5691
5431
5217
7587
8624
2955
3203
3723
7811
679
5549
2506
851
6390
319
7733
2307
1901
4145
8764
9957
2900
9971
3014
8672
8088
2286
7922
5784
2253
429
2232
4132
1407
6399
5671
2897
205
7865
5292
463
6541
4531
8747
3295
8362
8821
7648
5674
3033
1585
4374
4466
7685
1177
7307
8905
4161
9876
5888
5835
4445
15
8941
5751
5439
97
377
4761
832
2145
9833
4777
8086
5068
9286
1068
3760
3360
3286
4641
8713
5310
4039
1136
2222
5385
3795
4127
3988
661
7567
7287
8422
5594
6698
5983
7441
5160
3005
5351
1537
6856
1856
4129
4722
1395
8333
2344
5450
3856
864
1311
1552
140
9233
4292
3200
5097
2571
8135
19
8709
3606
6078
6909
5796
3947
954
5649
1852
4323
5875
7255
6435
5206
2034
2186
1377
12
4867
7284
6400
7785
4049
5475
1528
3375
7769
2757
6576
8191
7013
3782
5006
2073
2373
5851
1024
34
9790
8482
963
847
9820
6968
3803
6773
4858
7823
1104
4341
6238
7570
2977
5545
562
3754
2596
9456
2581
1075
5126
7901
8401
9669
3557
6059
2088
4045
8427
2686
7944
8533
1218
1394
3209
2618
9127
4882
329
1825
4575
4259
4865
1194
940
2102
4837
4895
6650
7250
991
2821
9102
322
1072
2472
4708
9133
2477
6628
6821
6124
7802
7792
9191
8680
2943
4685
4327
9981
1604
5331
4388
4331
1253
1334
2731
7572
87
187
4525
4011
8898
4068
1326
3321
1626
7115
4205
7586
4800
7521
7027
2575
2405
6820
8103
48
9484
79
5633
7621
2438
8987
5840
1462
8350
816
5268
3594
4926
7520
8963
2185
4609
2168
9305
3694
4885
5389
4907
4880
3437
106
3278
3756
5080
5729
9732
1181
1691
7461
4297
4048
4314
1327
9565
565
3147
8515
2602
6378
9363
1105
4887
9080
1588
1366
543
9121
3957
5503
197
3664
7954
7444
1654
1927
4886
1081
4551
2688
531
6992
1641
8981
9824
7820
1535
9793
2324
6409
5586
7667
3568
3062
9386
4154
3585
4738
758
398
1107
7483
8368
2778
2183
9969
6446
4862
465
6670
6701
1783
2090
1430
6709
1733
4193
8473
8155
8475
513
7086
5680
9523
8099
548
8933
1971
4613
8581
3765
1208
5720
3513
7768
6516
793
1036
5539
7420
9823
1211
6482
6406
756
5507
3817
950
8733
6786
2028
2385
7766
7539
206
5320
4703
619
3537
2559
8524
2878
9841
7201
4435
357
9359
7947
7332
3690
2636
9241
1838
8871
4310
8003
8613
5382
9506
2950
2549
2035
3598
6468
4436
4438
6578
4196
6581
6696
9522
5930
7629
8729
494
4965
8853
9829
900
6747
3264
765
4453
4633
1653
1324
9277
8977
9226
3329
5381
466
5816
815
7508
5575
5178
7807
2960
5732
1849
5957
7642
3399
9908
6360
2889
7228
9924
4863
5442
1993
163
268
9162
6569
8008
8862
8208
7705
3771
240
4150
5342
2742
9309
7234
6860
7604
9192
2269
2697
2169
5477
101
6271
8021
8697
8016
450
7603
1059
2018
674
917
5199
9527
3890
3525
4980
5305
9676
3716
8995
5791
7398
5988
2578
5848
8028
2989
6520
3048
442
9151
5276
4098
9792
1724
5805
9621
8300
4760
9807
7598
8255
9393
9812
1703
4955
4844
4608
2715
6845
844
1797
1821
8312
3873
4537
4028
5494
3157
586
8056
5023
6404
6169
5650
3691
4439
672
5756
6748
7499
9303
4625
1932
9599
3283
8378
3640
693
1005
2612
5412
3526
6665
5605
5546
2348
1006
7129
313
6057
5705
3504
3315
8183
4954
2793
3317
6504
5777
7641
906
172
9997
4032
4762
9875
3907
1044
8435
2349
8137
7759
4909
6827
7837
2298
8499
3773
4265
9371
2318
9620
4488
2189
179
5290
5864
7964
3574
3402
7627
6299
8172
4133
3291
2336
7925
7139
9433
9654
6079
7887
175
2310
688
1800
4889
8772
4640
798
6027
1149
4462
6702
8068
6571
600
1549
2680
2705
5101
3013
2690
3207
4826
6654
8437
8449
8531
5675
7974
5260
7252
1484
8428
7771
8802
5444
1634
7519
7350
4362
6876
8738
3126
5904
6989
3959
5447
6425
5512
5419
8229
5935
8490
1019
1183
6787
1616
3050
8163
9831
4365
3241
8044
6795
7903
3351
5646
9485
6737
7575
6081
2512
5587
952
9529
8512
3650
1268
5604
3886
6319
4711
1035
7119
6282
3352
1293
66
8084
9879
7407
4743
6946
3917
9411
8757
9432
7611
6575
8124
5232
5049
8389
3294
6190
2872
4485
6001
6345
8038
2992
6614
7481
2577
5303
8108
5374
2072
4408
8463
402
6114
6117
3942
8970
3331
3266
4697
4607
1730
4325
4748
486
7595
1368
1895
4152
9709
1449
3128
4603
8506
7354
4924
7224
4095
2946
846
722
4228
3248
2158
2767
1200
1832
709
6041
1698
4284
8361
2844
1636
7016
8289
9166
1757
8760
2684
4234
9786
9936
6430
4790
6966
2953
645
3855
3006
6122
6198
9902
3262
9094
875
100
7475
1717
3223
5143
2750
5383
474
9213
6135
6431
6485
3365
8501
5363
7377
3306
7463
9001
9037
1041
5533
3498
2876
1751
4786
8246
5518
7339
7810
3442
7081
3601
2817
6061
9878
6233
4024
1142
8082
5708
5711
5219
9370
6955
5819
6008
6771
9563
773
9705
8199
8111
9750
4440
7707
2051
6417
8866
633
3927
5612
7897
4513
5531
1224
9870
6768
6564
1203
6634
1121
8775
7145
6253
9101
7246
5106
3564
9253
4503
7470
7687
4816
8319
3702
3111
6184
9285
4768
5869
2713
9058
5997
5894
1281
4677
2653
6806
1361
7260
5073
7028
8704
9922
9937
5279
2775
7702
6125
8617
2912
9024
2255
606
5057
9550
3575
7649
731
527
4393
3100
4916
3224
9894
3485
4373
2202
3364
8481
3829
5748
8958
7893
9821
2532
4730
1876
1962
8856
6594
4005
552
5602
4199
2267
9923
5196
2173
792
6166
6314
1550
431
7738
9722
3107
2771
1923
2215
8964
2622
1520
1814
7501
2669
1883
1875
6875
5078
6217
162
2683
5757
2146
1614
426
7999
3975
1128
4463
4710
1666
5929
4587
414
8079
2749
2273
7752
3197
1004
1551
3454
3649
2074
767
4704
5568
8867
1312
8002
1531
2309
1477
3198
8206
283
8606
9442
5050
2920
1111
9471
668
6711
721
1427
2130
2597
655
8272
6349
44
7607
1086
6791
8949
6262
9624
5599
4832
4972
4274
8224
2780
8477
2144
9903
1241
1877
5718
2568
4347
3798
3987
1594
5491
6589
4423
3453
2031
2148
1908
9746
9093
8004
4709
7179
2874
9606
4724
1126
5283
9486
3737
3743
6825
9481
4902
949
4961
525
7313
1547
3124
4175
3194
9112
9236
6535
4539
6297
7219
6880
1245
6579
2987
942
1926
1564
5852
3954
5436
5662
9384
4519
6206
5321
8540
2070
3181
9134
3318
4567
6673
4355
4342
4669
2274
3646
1284
9445
7324
9056
524
6146
473
9246
9483
5766
6834
3274
5765
7279
6905
1296
3135
1513
4222
5411
8599
1736
5438
7415
9281
5812
1300
8662
4305
3979
7360
9867
9888
2763
904
615
2974
6199
7035
882
130
1833
8432
3545
6935
4302
1090
873
9351
3602
247
8492
6402
9605
7894
4524
8139
797
943
2275
2882
7422
1577
4319
5790
8997
1949
576
4656
6657
3060
3012
3531
50
3206
8326
7580
9
1347
2288
336
7721
9299
7342
6183
5973
2525
8019
5169
2580
45
5483
3133
8348
5194
407
3154
3081
7280
8682
255
8311
2956
4121
4111
7261
5415
5161
1843
6236
73
9437
5942
7589
5214
3439
4415
3901
7883
8377
3219
8366
9568
7088
505
6835
7187
4125
1817
3581
6500
194
7656
842
1289
9692
5172
9748
1292
2831
7474
8066
4974
1106
2249
8829
9941
3146
7636
2452
3778
5601
7433
5506
9634
813
3621
1012
4675
5693
370
5422
3001
4306
7859
5423
9645
934
5882
9918
4700
1725
1546
4269
6171
8793
6912
2850
9218
9512
8309
6671
9795
2585
7310
4100
1442
5809
3265
9699
1541
8855
2244
5192
9728
7694
1753
9855
9083
2044
7761
6760
9154
5532
7384
8201
5293
2007
1240
1260
749
8271
5811
7662
3931
4557
6920
7416
4345
5493
8468
8048
5638
8701
8812
4792
9142
2483
2364
2682
5685
6630
3356
5991
7155
1746
9313
3685
3806
9689
7906
8734
5891
1773
4905
7504
820
2933
2134
278
1544
6257
6645
9632
6292
4260
3310
8119
5410
6566
3633
7343
4540
1889
2869
720
1811
1158
117
8547
4960
1404
8878
8625
4475
5074
9193
9399
3819
7347
4763
867
9449
5185
382
495
9282
8145
8859
7644
9979
4469
1931
7861
4749
799
6304
4654
5163
4726
9794
9762
4968
9547
7247
8592
56
7408
9288
296
8636
4407
1779
7018
807
3182
9960
1076
3242
8265
3416
5820
4135
6632
853
4644
3548
2514
9642
4087
5048
5562
3180
6929
9323
7163
7118
8892
3570
6157
411
2531
3762
2966
3432
1028
1741
7824
1854
9803
3322
4812
1257
1595
5045
6317
1709
1468
7213
5828
2926
2076
1335
6862
5616
6387
7319
5226
6177
4830
1409
8050
5977
4878
1178
3946
2053
8148
7726
5574
9806
5670
7500
4275
2857
7393
5414
510
3216
7262
4089
7658
3041
3721
7142
7888
3801
5309
1452
3767
4744
3185
9652
75
4984
5713
6699
6235
1066
3753
3164
1489
5845
1795
6411
8386
1007
320
436
8074
9921
5061
3436
2104
2766
7556
9538
9410
9063
1553
2524
2877
7753
259
8715
7241
4447
331
5040
6714
6205
4756
4734
5004
2201
5135
4456
528
7419
5608
6421
4106
3419
6933
173
2951
9612
9197
4846
1167
4538
5597
1680
2815
6981
1353
2008
6883
6316
9948
6886
9683
3131
9262
8281
9179
6359
6789
4220
2924
6607
18
7335
7727
9005
3222
711
5013
1850
3802
7540
1847
4527
2944
3036
2390
3903
1509
8276
9238
5054
4596
2914
7202
3327
9877
4050
2693
5286
7430
2049
5567
8370
4804
4036
9244
6524
4758
8400
6362
9772
4458
3562
3332
9524
5949
68
8018
3494
9413
5540
5768
5893
1322
3665
5086
6251
7362
7276
6242
7728
5747
9778
7565
1686
7413
9107
652
3714
685
1476
3232
5222
9729
4190
7062
4286
4221
7003
1124
4187
4833
3108
1457
2776
5936
3999
4511
6749
8828
6046
4267
8279
8203
1388
4394
7404
2380
6363
7191
2055
418
1403
5401
6265
6261
408
9942
1617
6997
8491
3569
7968
4516
9036
7171
239
5039
4604
4270
5620
2534
4191
5151
4307
1583
5403
8796
8748
948
6715
5152
312
4947
2480
4949
5379
2909
9899
252
9986
588
6191
8509
3997
26
6904
7602
7924
2039
3431
1313
1061
3252
2901
3871
2177
2500
4254
8530
6140
713
727
6873
1836
5180
2617
9691
1084
682
4078
4839
598
6247
7668
5871
9884
4747
2079
9467
5085
5302
1924
5485
4751
3486
9055
9660
5463
8875
3440
6051
2712
4339
5787
671
4823
4971
7244
7131
9716
3172
7278
2160
5300
3950
1951
751
2847
5472
8253
9720
4828
1556
1420
4843
9059
7387
6763
1580
1647
8912
7588
9414
6942
409
8218
8104
1275
3632
1463
349
403
5367
362
5516
2193
3236
333
7302
8918
7364
1325
680
5420
9520
9537
8884
8686
4994
1273
2498
6546
2672
2242
1853
89
7657
4684
5228
8495
8703
2841
9540
6666
8353
4869
2037
7704
139
9650
1305
5448
3391
9271
8952
8961
3921
236
2628
3986
5899
6532
1970
7555
1525
1942
7094
9476
2045
2067
9725
49
5553
9290
6608
9358
7048
2931
8608
9857
3066
9199
1618
1807
1793
8290
3719
946
8818
7763
7547
4535
1511
9651
1789
673
8837
7507
4821
2802
2258
8690
6270
3869
9342
396
6923
4287
51
1229
7227
9048
9475
9108
2629
9194
7538
6600
3312
2902
6354
7443
6533
7660
195
201
5986
2129
5096
8670
7674
2271
3857
5124
1358
1095
8876
9671
2665
4893
6712
7318
8363
9747
2260
6502
7675
1780
974
6424
78
3881
2026
6336
9544
4413
2922
212
2061
5585
6216
5357
1776
477
5155
1769
7245
8993
3429
9412
190
5288
7072
5325
968
8832
8258
1685
9110
8410
2354
5069
2109
8797
5141
9813
6727
6422
9243
7268
1263
6084
4692
1385
9657
1087
7513
9300
9526
877
8989
2387
8699
6755
7356
953
2321
7114
8900
8548
6598
1664
9663
9066
4084
4053
3535
136
9944
4019
1506
3408
1232
935
2161
2256
86
3484
1622
9955
4507
4179
8657
9713
6263
4809
219
1053
779
8923
4912
4227
3438
7091
5053
413
2379
7841
6674
4074
1711
2101
4904
2442
233
9920
7842
4371
7326
3589
5038
8815
2799
6068
1154
4573
2805
1494
4253
330
3414
6063
2576
3426
1003
4759
6461
2135
2190
8176
9579
4358
879
4705
4952
3784
9939
182
8777
3785
1708
516
7092
9278
7314
5782
4353
7406
7933
6884
5314
8869
1365
4308
8792
561
3912
7371
2978
3342
3363
3872
7847
3196
105
8488
1695
6109
2893
7467
3541
7217
441
4428
6692
7909
8219
7449
6454
9784
1270
1910
6141
4717
7955
4939
1798
6029
2414
5776
4855
7290
9082
3810
2609
4237
9230
1792
6526
9851
4713
1350
2203
4721
5572
9312
4346
4636
2879
9196
5763
8222
3985
6047
8211
4351
601
8166
9436
7920
1426
6134
1867
1772
8342
5267
8520
8880
3770
5736
4729
2659
9116
2281
9200
3068
2601
5561
8242
2820
932
8315
8452
1663
7306
5625
7724
3976
1453
1206
3692
3430
6391
9622
694
2932
5417
9950
8257
9770
4770
7711
2915
604
8979
6754
3769
1503
553
1841
8817
6426
8717
3214
3519
4189
5932
7804
8115
1454
1994
8921
2573
5527
866
4606
6511
9006
4216
585
1675
5867
1637
2839
8233
3282
5789
2178
8565
5603
3543
9681
8097
3281
8632
5452
4304
7550
1314
2430
9251
8358
5689
8036
3717
5761
6963
1436
8267
5326
888
1671
9169
2308
1175
2437
7762
5813
3663
9598
9788
9836
7457
8591
9866
7452
7697
4113
7817
5434
5071
6744
4333
4820
1125
3153
8127
7123
1969
5979
5218
7628
2976
5974
9145
4861
2913
2468
1405
7651
4412
6924
464
3520
5336
376
2979
9782
3920
3885
8337
6675
8950
5033
1152
5866
2642
599
4650
4272
295
5901
6647
8649
2150
3063
2429
2476
8456
8621
8349
4977
745
5672
5883
546
8839
9242
6998
6329
6528
6730
4141
5797
8906
6189
3288
8434
6144
8216
2981
5020
222
6457
9988
1336
7879
7910
6959
8140
6599
7676
4670
936
7186
4981
9448
4282
5903
3860
9804
830
5998
9926
5498
5902
3781
5969
6077
8641
8133
9978
8873
5697
7061
7340
6774
5030
3378
2954
5421
8323
17
5831
6415
884
9307
9542
7329
9644
2548
8376
315
160
1338
9452
6612
3677
1918
9860
9404
1670
8603
224
2836
2105
1743
1749
1116
368
621
2787
7403
856
2295
4047
2248
2935
1886
7221
5440
401
532
8120
4419
1758
2184
1234
2812
1227
746
135
2151
55
5032
1512
3926
1389
354
6973
7033
7490
3000
8660
6668
8071
8174
2635
7160
6351
7283
8609
3272
8245
7564
4687
8611
2980
4552
4660
8298
1981
1223
2604
9513
9354
5885
3142
42
6273
5375
7019
9007
5076
6302
5554
7846
2052
4178
479
4966
8177
7006
7875
4526
2457
1521
787
2306
9245
5588
1522
7857
6301
5426
434
3835
6347
7703
276
1109
8758
6193
9615
28
4027
9343
6213
8724
9630
8273
6982
60
4128
6517
9293
6684
2661
7333
3070
923
8321
3708
1668
4177
4528
789
1176
1386
3511
4834
7479
5400
8089
2698
4122
1406
3608
6802
3611
2261
1734
9934
1720
6602
4411
9672
2356
2014
4579
7553
2108
8457
3956
2947
5502
7613
3733
2358
8671
7195
6836
8030
9457
1954
6377
8268
812
3032
5103
5657
3599
180
805
6958
9084
4499
4069
4920
1153
7257
9002
4600
1919
2721
4628
3918
8642
7770
2896
9017
3638
724
2485
8549
9682
7043
8394
6664
6839
4378
2546
6818
3990
4110
3077
124
3628
2867
8411
4731
9395
4647
7193
6638
126
7494
7623
5717
2276
1935
6688
2866
924
7012
1505
6879
1872
6285
4389
7476
5016
7024
6392
2237
5249
9976
7616
3084
2370
7410
8132
4071
5709
9022
4881
8053
2864
5792
9886
7921
4219
4544
743
6853
3428
207
2234
353
1174
5243
9403
5976
1586
6116
1456
6945
31
4582
6267
7487
9106
8899
5842
8852
1558
7104
4929
8942
1865
9777
7488
2038
4410
7868
3651
2126
5658
1985
1870
2833
351
2407
5895
6611
7845
3676
3082
5352
5182
2350
6283
7524
2305
4570
6072
4487
5510
2621
5542
5916
9031
4875
7460
544
6007
6974
1362
8574
8739
6328
2444
3874
7940
3538
9825
2047
7957
9686
9665
7121
4807
4742
7429
6964
8786
8507
7007
7782
8029
3026
7258
2394
245
4627
885
8726
9678
9490
3943
3709
8522
3055
4114
5547
6383
3934
9447
6034
8794
1796
2658
5205
5896
2036
2968
1719
3496
3449
1763
2246
1184
9530
8562
931
7646
7696
9375
3176
6888
7670
8204
8725
3227
2063
7819
4689
440
1374
3818
9733
4728
2399
458
5962
3186
1723
642
1866
1459
1032
7369
4489
3815
4148
7754
2903
1097
7919
5619
9900
7005
4701
4250
1567
1603
5686
1519
5460
5753
7153
9143
6442
3018
2252
6554
3478
2337
4330
1196
3615
5274
8932
1333
729
7891
8584
9911
908
6021
3944
699
6762
7635
7173
21
2003
241
4542
6150
2607
6605
4493
1182
6083
2431
4970
8996
6855
3462
5165
2427
7509
150
2570
6582
3183
9267
2803
3215
9956
4601
6881
6874
6846
5515
504
2121
5622
83
6095
387
8057
3908
3202
4246
1421
8705
9974
8202
7661
657
1590
8260
6188
1133
6175
6753
876
2563
533
209
8982
3195
8264
5707
5921
8555
8746
5043
1221
3641
5427
6028
2719
7781
3067
1042
6489
7453
6133
8771
2738
6867
4298
2701
916
1766
6340
2388
6960
7596
9217
7998
7111
3307
2508
6105
2493
4140
1320
2892
3461
4588
8153
8803
4548
7446
1605
6952
5027
9409
7154
5236
5596
6783
4476
293
4256
4915
248
7952
5378
2419
630
5712
6738
451
1610
5318
9653
2363
8891
4464
298
838
1088
8939
4213
1078
3488
1892
5204
4437
2806
1291
6916
3573
5920
662
400
7273
3052
3707
2143
8441
1524
8666
3763
3403
5258
2708
9828
7590
8221
4795
2266
9626
3103
1102
3861
6168
1740
7105
9919
7864
5090
3481
2696
96
7151
9160
2967
8043
6033
8280
506
6603
8278
1448
8826
3102
5360
4009
9321
6073
5767
8628
5335
1890
7226
6054
8295
3746
9335
1960
3678
6320
2730
4894
280
8676
8573
9284
5965
2042
8129
5011
608
1650
3720
2163
1732
6370
1248
2854
1560
2023
2311
4967
6498
4629
7484
2060
8277
1868
6934
7106
2095
4559
987
6207
3731
5211
6473
9600
2043
3053
8544
8392
4813
9327
6552
2797
4146
4184
8864
6035
9023
3540
9834
3587
2644
2673
4448
8259
9453
2706
7889
3300
4474
491
8210
4549
1496
8915
3260
6606
2015
1210
7882
3337
8078
8478
8872
3152
6893
7822
4975
2139
5285
9125
6878
9235
3794
1861
9177
1600
1975
3443
8749
4023
2714
6128
4477
7902
7083
1343
7765
7495
7240
7835
5690
3205
4877
8658
4906
2910
5289
6976
2199
2818
2764
410
1214
1321
2346
7608
4646
2755
6898
623
1027
4561
2540
6407
6801
5162
9604
4149
3
5435
3471
9431
6138
2375
9216
2137
1047
6583
686
3949
4719
7579
909
6450
1498
6286
6313
3699
6009
829
4043
9356
8187
9779
684
3061
1987
5138
7698
8635
339
7814
3515
9067
3732
5952
5459
7272
2299
6479
9136
57
8937
2439
6761
5980
5273
560
7723
3995
1063
294
2704
36
4497
7926
115
72
3521
2323
992
7854
1352
9552
999
2993
178
6210
9264
1380
6060
3201
6677
7184
3279
8667
3567
5362
1137
383
2120
6616
3875
1487
3044
6977
811
5139
3076
9614
1150
8073
6939
9613
7665
7036
9863
7049
7680
2240
3002
6462
1635
9205
8809
3705
8626
9423
6218
3173
7164
9182
1900
6203
6540
5652
8341
14
9578
9745
4183
9292
3752
16
2277
2287
5487
8798
8186
8732
7436
7691
132
1428
9249
9566
7740
7815
2724
1983
7148
9560
6004
2470
8528
3008
439
2994
3263
7196
971
4565
6346
433
6149
9913
5743
2113
2613
7054
4405
7510
7372
4976
7063
7749
639
1262
4212
1967
1542
7618
4578
3435
8087
6991
328
8566
5287
4888
6593
8296
6691
4018
6721
6331
1446
5223
8465
8936
921
4631
9830
7991
1767
6221
8735
569
8816
3269
9073
9417
9967
1188
6962
8922
3604
6040
9130
7077
2937
9376
4849
8026
5366
8447
1887
9466
7669
7057
1099
1259
1707
2453
3388
2195
3447
9328
7860
1518
6562
717
7591
8556
7212
1873
8655
7796
536
2206
7438
2595
4693
9858
6810
1499
2268
1660
2466
3666
5722
5109
6344
8536
8235
766
5525
7946
2509
5661
4035
1045
4998
4147
8526
3421
9368
1169
5560
6432
4092
7986
4917
1989
5241
5817
1762
3841
7149
1956
4143
6101
5445
764
6324
3935
5089
9352
2765
2655
515
310
4468
9324
9474
6464
3552
9057
4957
3239
6652
8554
4061
8445
8325
4264
785
5499
7298
8067
5299
1863
5470
2907
3821
6275
1015
6734
648
7929
3880
9758
2030
6142
7462
2849
8483
1898
7515
7732
5738
7418
4403
8423
8420
4612
4242
4956
9459
2332
2257
650
9183
4180
155
9222
6164
9707
7867
7412
3831
4595
818
9198
3911
374
2172
5183
1397
2923
5696
3377
4806
9049
9501
9120
7582
7055
1529
6927
1043
4799
3933
5994
8158
5216
3387
3347
7424
874
5230
6092
7828
6310
774
2707
7953
1217
8243
7767
7773
2292
1357
6823
8442
665
7232
2884
7492
9255
6938
5716
2941
3966
7183
9260
6147
7082
6615
8149
4825
4215
7808
9751
9270
9034
4455
1256
6006
2212
2032
1369
343
2983
3287
9201
3764
3249
366
7044
7561
3507
759
6863
6897
4273
4370
2187
7722
9757
4334
3212
467
7079
7546
5396
4753
4173
540
1355
8511
9893
2710
2517
8188
7162
5953
6908
840
7913
869
1451
7557
8000
6972
4076
5505
1226
95
2728
3397
9759
4182
3073
1760
2961
9799
8719
5666
7905
2769
32
7366
9808
2687
9805
3230
5592
342
9909
834
6448
4277
2166
1025
3536
4634
1596
558
1941
9609
3981
944
5931
6750
2611
6854
4931
8638
994
9276
7402
4010
1922
1002
9766
8373
9576
9078
2520
2082
3056
4118
2785
9819
4300
8047
4674
1346
128
2574
7973
9571
5159
3190
6126
6840
91
9885
6195
6017
5892
4745
8100
1017
170
7639
8395
6740
2092
2302
2911
2795
3101
4484
3305
2530
6325
152
1940
8618
6772
4735
8779
1197
781
3940
4859
5466
780
2238
1062
3812
4619
5762
4052
6483
7695
6243
6019
10
2538
5173
2467
5256
1382
8138
378
3766
1093
8668
7756
5995
3715
6877
1848
6119
4948
5526
2156
3450
7701
4399
6778
292
1508
4896
3546
6165
7843
3993
9515
865
4658
5220
7915
4335
2975
8212
5441
3035
8024
5428
8159
3267
301
5582
6913
9021
3244
2863
2409
3284
5107
8301
2289
2873
4798
1563
3822
9743
9708
3895
8011
5149
9221
113
3671
9636
5003
2115
8696
5702
7349
3711
3389
8663
9429
6143
1907
9473
8913
4824
6597
2733
3105
8334
969
5641
8045
7997
4580
4871
6865
8181
1201
4857
4665
7185
269
823
3939
7609
6469
2905
5938
8953
4103
6108
5353
8412
1968
4404
6395
4142
282
5927
4352
2756
416
4022
5730
5237
5645
1085
8881
1645
2162
4031
2865
134
8117
1410
4329
6850
5580
8911
6914
3145
5294
8294
2228
1771
4891
925
2352
8543
5715
2155
4240
9463
2495
3169
2403
6735
1619
8916
5345
5193
3852
2927
1331
77
806
2010
6990
1132
7322
6356
1179
8973
7892
8382
4451
889
9968
4547
2962
7790
6585
358
4088
7469
6512
9943
5406
7918
1500
3020
646
8288
393
1479
4495
229
6293
8980
8122
522
9011
6229
4460
22
8069
1502
3503
2393
8597
9932
2718
4364
1718
4594
613
9304
670
6291
1745
2078
475
7758
534
7706
8822
3977
8669
7311
4785
5469
6776
8572
9477
872
5250
332
3362
4058
8539
8396
1156
7788
7908
3726
6023
9319
7208
6389
9881
6832
8647
3610
3009
8593
5119
6722
243
2207
573
3657
5361
4401
514
3902
8182
5922
6194
4736
161
2492
989
2013
6595
3888
8801
8306
4359
6016
2415
5537
2592
8665
2182
776
9085
9698
2717
3069
8479
9044
8230
1526
5829
8379
8346
5017
4232
9656
8020
279
9028
2133
547
1874
9912
5201
5555
2239
9338
2736
6102
4794
1231
7795
5598
860
2033
7100
5734
1239
5872
4732
4454
9670
3395
1287
9847
5066
7256
3580
5513
627
9961
9533
8335
6491
1982
8888
2401
9958
9051
6967
2290
5839
3534
4348
1480
3713
6496
4783
8467
8017
1674
2020
926
5861
1118
9594
1615
1485
427
8920
6234
8521
7089
1858
4406
6555
8712
6928
6418
5607
5824
3237
8170
9827
6765
2996
6002
5399
8563
6287
4602
3896
5535
4174
6187
4663
5862
2301
6173
828
3629
4589
6572
9074
3654
4181
7030
4616
7210
1441
9173
5247
6812
5453
6640
3929
6091
9362
5985
995
898
7368
9103
4251
8027
6490
1057
9419
2423
4421
157
5626
1011
7235
9115
5823
6508
1204
2374
9595
4322
6160
892
8580
8925
8060
6280
7050
2703
7385
4583
1756
27
1851
5915
827
225
1254
2022
8811
1443
1360
6276
2572
9702
5184
9546
4591
4529
9224
3614
8695
6994
4845
4332
5028
7610
8062
7396
6374
6543
5370
692
9574
6521
9297
5897
2588
448
5543
5889
3475
755
6751
9862
6439
8808
591
4793
7157
1250
8834
5467
8990
5966
7938
9367
9339
4892
4380
9427
3820
4817
7146
3790
5304
4255
2122
7996
9047
7993
763
9617
7800
3556
8409
9405
1687
1166
577
3533
784
80
4318
1676
8116
8471
7832
6639
2450
9422
1996
5125
7037
9489
1823
365
6385
8517
2702
5324
5692
6690
5613
2647
6249
2998
777
6745
7085
9258
5462
6741
1323
7001
9822
4530
4397
2181
1435
3094
2529
3938
748
4506
6300
1013
2859
2692
9158
2327
1820
3189
3382
4320
9365
6693
4315
5774
4433
6625
5430
3427
526
3643
1548
2254
1593
7650
9010
5681
4112
903
1094
7522
3811
1391
1920
1207
4368
4391
9590
7040
9749
3607
7098
7615
9525
5941
7060
2816
2553
6470
6858
5660
5924
8944
6443
2631
9647
890
2885
7125
2343
7690
3653
9168
4985
7825
5296
3251
1587
1628
9280
6681
3687
492
502
8896
3958
5266
9640
2660
6307
65
7197
98
2021
7353
2843
5358
6090
9987
3900
9482
2149
4481
5870
4139
3392
1419
6416
9035
1679
2748
363
6515
8615
2917
880
7718
3648
7812
8105
3217
9045
6619
3609
730
7205
8331
5701
3736
1280
511
1417
487
7015
6397
2796
7569
1375
6936
1964
6026
1620
3698
6429
2402
9994
863
8645
9906
5514
6770
7839
490
4714
5781
2747
5793
1576
372
8552
9679
9040
3796
9008
158
3961
7199
1906
3738
8081
9809
5578
8023
9952
8054
6044
8436
3359
5231
5544
8718
7844
7093
7976
8144
9072
8619
4004
607
7523
4051
6510
9464
7136
6824
1835
8887
7934
4020
9982
8527
2858
4900
99
769
4847
5844
5070
6819
7301
119
6779
499
6405
5190
7017
5055
4
4159
6451
3134
5328
4522
2626
5244
7229
5522
5750
2058
9257
1372
8813
9316
9984
9938
7626
1008
7886
9639
744
4079
2898
4486
5341
5847
5291
4064
9132
5359
5202
4160
9495
7431
8854
1233
6588
5425
9042
6440
6012
6999
4017
8263
7612
1381
4372
3728
6481
8091
7405
9852
5873
6629
5262
6154
7741
3832
6414
4979
8340
881
9741
7207
2391
8469
8357
9147
961
6697
4969
4072
9311
2938
6202
8106
4653
8532
4422
2888
9842
3338
348
9935
6445
6610
5917
9826
6986
5130
3132
9649
8165
3506
808
9117
435
535
192
3444
318
338
786
6651
7337
8716
8656
8648
6214
5437
4452
270
8914
7264
1598
8791
3085
8022
8215
7069
8882
9099
2829
148
708
7851
5082
2745
4771
397
831
2002
9159
5529
2590
7818
7445
9383
1155
7133
8178
2790
3089
9603
9273
817
804
5783
3915
1080
8966
131
4425
9633
9211
1514
9628
8750
166
1606
9861
4999
7907
8500
176
6788
37
9310
9396
6478
6472
2895
4441
1625
4706
8399
1001
8700
2211
7577
9268
2112
1
3561
4778
1579
3673
8189
5036
423
537
7110
3383
5632
8849
572
5077
217
2807
6223
1103
6371
3314
4553
6728
2448
8631
7505
7289
5581
589
8487
1130
2445
6155
1844
8683
7779
6131
7022
4336
4223
8225
4808
7502
7269
1612
6930
4755
5313
1236
2700
8583
6720
8561
5019
9394
3125
6635
290
7254
7573
7381
595
1568
5706
4042
9320
3233
1070
819
4802
1999
7380
2200
3553
9369
7948
3334
9071
5807
5177
43
3490
2341
3276
7303
5198
7029
8443
7231
5677
5721
5158
341
3064
958
1697
3433
580
449
8931
930
8040
8698
7978
1051
9933
9012
3919
507
1665
3960
7884
3630
4218
2434
4390
4357
9458
981
9597
1752
3740
8542
7916
8209
1764
5233
4973
3528
5225
2891
76
610
71
6049
6910
3837
8848
7259
9385
7772
5907
3379
4326
4400
7671
3083
5100
5153
1930
1630
8710
2959
6573
133
6656
3007
6534
5081
2547
8164
6246
6118
2329
6896
4898
3380
1261
7066
8237
1265
4176
6567
7223
9557
4126
3639
3661
8947
9704
1092
4309
4935
3127
5234
8737
1408
6577
8318
4291
9500
7401
6020
2666
1534
4014
1422
7912
5348
3619
3930
4632
3883
9340
9685
1384
8762
6148
1192
9543
581
8173
6003
3618
6995
501
8644
2230
2278
3867
1100
8247
4385
6870
9518
2824
7282
4467
3255
2709
4838
6601
4568
6499
2233
7237
3693
2652
246
3460
9832
6844
7178
391
2791
3129
2861
9584
809
3042
8065
9039
5384
3097
6176
4030
8344
9925
5395
2985
9696
1809
3586
4197
6419
6420
739
8706
8070
1016
2057
9880
3910
5524
521
7389
381
5295
4278
3345
324
6678
1009
3099
7983
7190
4942
5564
2231
3229
9791
9816
3603
5059
4279
7192
6871
4702
7132
1216
7038
3141
9927
9764
4354
4101
271
1390
803
2856
6355
4723
990
4200
4773
826
538
3086
7327
4662
9752
8928
2630
7514
6736
3571
5307
4534
5373
5627
4338
6766
5355
265
4852
701
9667
4818
703
3340
6687
9479
2342
8093
8061
3517
1310
3179
8439
289
7518
1030
6066
4995
2582
5092
4664
8984
2783
5508
9781
5458
1735
5880
3823
8039
7600
5563
5728
4740
9798
4207
2752
5239
273
757
3776
5548
7793
7633
3838
371
9261
8113
6849
605
2616
2029
3642
7078
8141
7984
8072
3045
1438
660
4442
1504
814
7816
6815
3948
3448
4620
4746
5121
5482
3495
6341
500
2555
4155
1888
3054
4868
3323
4480
8860
9646
796
3341
9009
912
7714
7942
6185
3747
4605
1413
8844
2539
5012
9980
4258
2300
7249
3972
4067
4120
3027
9298
1145
2461
1721
7821
9776
5826
7375
8806
8090
2853
3864
2382
4163
7645
3761
9611
309
6466
3271
2608
3038
9717
1801
2094
7583
2106
7809
3505
9266
2695
6480
8125
1089
2474
9408
7684
6733
5215
618
5836
3199
664
9508
8464
8314
1276
530
6295
9029
2103
1997
2225
7961
3193
3539
6158
7744
5195
3899
64
583
8620
4617
4712
8610
482
9697
9190
8723
6547
7951
2986
7432
6289
4444
6781
5271
998
8825
25
6978
1627
20
5589
4645
4248
6950
1639
3759
1784
3672
550
4290
566
4490
8967
9420
8637
8902
3458
193
603
8685
184
4099
7143
2353
8804
6901
2598
1147
6129
2449
2890
6782
9165
2259
1925
8835
2694
5
2398
8607
6388
8646
6514
3467
9361
5175
2315
6621
7400
3065
8653
9348
3879
5959
481
5478
6653
8136
7936
2285
628
9020
9443
6756
7331
7963
3130
258
4990
1818
9504
7286
1073
9334
1471
7729
5251
8843
8037
3370
5749
8244
6436
1387
1115
3669
4102
2325
5468
9185
2828
5570
624
1497
1775
4263
5600
7270
9727
8605
5340
9461
9785
1077
4324
8753
8976
1602
8790
5786
4340
1056
8675
663
611
446
3962
6080
6796
5833
3625
2478
3159
4075
8651
8041
1527
9930
5031
6413
2830
6838
1701
67
7392
9346
7357
8868
7434
4001
7899
520
2650
545
3953
9374
3243
6830
1220
3037
347
3996
1571
4512
1937
5918
2988
6944
5673
9996
2367
3404
8693
6833
1684
6401
2209
3970
8766
7067
3298
8788
1916
5967
1829
7265
8727
2921
5830
102
5405
1632
8722
895
2331
3246
2054
1722
3289
419
6513
2832
3622
1354
982
4716
5350
2606
6456
3301
1986
6398
6717
9128
2614
6219
8231
459
945
3396
6145
2404
2761
3348
1339
7516
4424
7126
5099
3029
9718
5968
647
8157
3308
7161
893
1000
1180
1774
2638
9931
3137
1988
3755
1014
5795
1295
2081
5316
6097
4982
3847
6071
424
334
5947
5337
9591
9387
69
8845
5443
5724
3612
7423
9144
3542
7937
9416
7736
7760
7099
261
1515
3514
9060
3510
4249
5556
9677
462
8541
3090
5987
3220
1127
6961
3234
107
303
8354
2656
7682
5978
4117
389
7305
956
3969
2583
9146
2663
8391
7365
5263
1950
7166
4312
8602
9407
6663
3551
4536
8058
1530
2991
118
1881
5771
7428
517
5479
5095
3839
3268
4055
3983
1591
1258
839
1859
2446
7451
1692
1129
2219
1431
460
5062
2625
4597
2594
2725
4417
2972
761
8579
7840
8780
4479
4162
6891
2395
3023
9016
821
9341
996
4033
3473
1123
5084
7338
7527
9231
5759
1648
2131
6685
529
6689
171
810
3862
3925
5191
5091
7774
8374
7281
735
7534
111
6793
214
472
277
4986
712
4814
6258
3842
3843
4090
2221
1098
9043
6718
6348
380
899
8406
6780
3225
6332
7757
9623
7715
2362
3904
7803
5186
9336
3491
6031
9329
6064
8381
4637
3923
2204
9510
1432
9753
8588
636
6808
4427
6065
1396
2005
4054
5637
6983
8192
4086
8032
3718
5857
6565
5769
8846
6971
3120
1434
8146
3324
6661
4558
9081
6132
6988
1425
3093
5521
5945
519
4349
4630
1540
5501
9178
4402
3689
7989
4119
1165
1704
1963
8227
8957
2760
3409
5822
7117
5684
2458
7967
9497
5416
2357
5280
9602
1373
2507
7448
7167
5642
9690
121
626
7597
8678
8831
1794
6476
2743
281
308
6859
1972
6112
8951
4835
3889
8934
9953
9105
5311
6013
7297
9263
253
5388
3407
1702
3897
7858
7152
2936
4946
9070
2100
6303
5116
2651
1140
2984
7950
2934
9137
1159
4831
1219
5269
3592
7548
4848
8102
4699
641
8782
4057
7678
1351
8908
1272
7574
5270
8304
3398
1860
9465
8895
6120
9637
6477
5992
8200
2384
112
9373
2552
7496
364
8179
3974
5227
1222
35
3793
9291
5735
8486
5451
4696
6894
3080
7877
2484
4515
1021
4015
6591
7545
9760
3652
7358
3667
6240
1601
980
5136
4288
6055
2840
4686
794
202
2558
7531
1649
5541
7159
3158
2886
7478
4958
3257
2662
7156
8299
8330
8453
4910
1754
3309
4239
4210
1623
4622
6162
523
1915
8893
6551
6052
2217
7491
7239
1255
9033
5156
4013
7189
9496
6544
5018
7975
1706
1693
7871
3144
4678
750
1690
2378
7624
2883
4387
4841
6669
3292
3123
1561
4964
9188
4083
9754
938
5934
5344
1054
1423
2465
518
4059
5558
1729
1058
5500
7632
3554
833
8652
6545
6672
3620
5254
4899
4671
1786
2881
3087
1332
835
2676
1737
4752
7870
3311
9631
3858
939
4166
6224
7236
1162
2376
9219
8909
6817
3210
3792
6584
2566
1267
1294
6726
7987
8598
9719
8418
896
7566
3079
9041
5814
2481
5595
7619
8494
1264
3850
1113
3459
8359
7312
4044
1944
6686
6396
8096
1376
7130
2066
6792
2670
6922
7397
6658
8433
8553
9561
388
7720
8833
571
3588
4395
8988
4236
5579
2213
1747
189
2762
6659
7537
9397
8498
3333
7170
6352
4842
5461
1791
146
8901
125
4459
5281
4691
6648
3366
1037
422
108
218
9491
7204
7466
651
1768
6713
8534
2804
4194
7664
5996
7970
5858
2205
4593
7506
2320
8388
4473
8983
3015
9164
1661
7780
3836
238
4230
2825
9025
3096
6636
5088
762
7011
9864
5764
7399
7292
778
1172
8123
9882
3893
3500
6433
3682
8755
6887
8098
7881
5806
4208
7113
1572
9161
70
8759
188
2250
7831
1306
1199
6759
314
9088
8417
8110
9688
2579
9203
6172
7409
2196
3994
4765
666
4884
444
4988
3605
802
8425
8968
257
8462
575
4851
5117
5703
1871
7737
8752
8510
5669
1839
678
5245
2339
8800
4096
3865
2560
2970
7743
8586
7536
375
9156
6045
9237
2046
3984
8403
7829
46
6767
9450
6136
8292
8256
288
2542
9706
6309
7640
2065
7735
5197
6679
629
5105
9587
1955
4694
5679
4925
6813
9435
4624
7140
7345
9062
7923
858
7181
9703
9796
5940
1083
7866
9104
9731
4572
894
1501
6453
4321
215
6250
2224
6703
1215
244
213
1961
4836
7638
3393
3040
871
5380
9664
6493
8992
1038
740
8236
2620
2408
11
2451
6580
4635
6163
3165
1929
6829
2519
9763
5951
5509
5984
1187
7128
891
9845
3155
5993
7141
3750
9135
2435
2848
3560
4082
8385
3374
3578
4805
5356
9744
9440
5446
3010
8332
327
2957
1163
8627
4056
1371
4483
461
1828
7848
6039
1953
412
3151
8730
8454
2633
3226
9425
8063
1060
549
5520
3192
9569
254
8741
771
3259
8805
4853
200
6710
3566
770
266
3150
5832
1533
7295
1378
8307
5943
2170
1787
5051
702
9868
3339
9424
1651
127
8585
8999
311
6847
7511
2623
1329
8228
6467
8778
8152
3830
3617
9380
9181
5065
7203
2284
7783
2904
8903
1269
7263
8347
3626
977
33
7070
3452
6746
6306
1597
1750
1122
5528
2963
7023
6266
8972
2487
3593
1246
6890
8327
1274
5631
3501
9418
122
6622
1316
1465
8005
2059
7209
3472
8438
7464
8083
6106
8031
6192
6900
8930
7084
9959
6197
2729
9325
2868
8156
6228
4879
3476
1662
9382
5132
3853
7363
6660
8459
3116
9535
1020
5854
227
6098
9038
8634
4384
4109
1340
6507
4571
1146
417
1342
1398
5611
2412
5972
1050
3572
9648
9350
3848
7172
1770
8954
3777
6947
7683
1171
4007
644
6018
5614
1299
4252
2128
8461
1946
4695
9279
5683
3549
185
8466
8384
275
941
6969
2999
8131
7288
58
6892
2488
8197
6211
321
8472
698
3456
617
7751
5376
9954
822
6159
3982
5667
8322
901
3854
1973
395
5651
5397
8080
5134
929
1659
1643
4676
1943
3877
1189
7739
5634
4639
6805
6408
1842
4983
7606
8134
7930
8059
2424
2460
6798
5698
1279
3017
7594
3483
9100
9283
8339
9148
3011
2511
369
9170
1959
4509
933
4245
7116
7206
8946
5272
7323
8650
4498
4510
7775
5746
2691
9970
2243
4801
5770
2674
5933
7440
6056
3789
966
3250
4520
2875
9983
5937
2392
5113
2406
9027
2784
7056
9891
9577
3978
359
9635
4545
2489
7315
3051
6318
9910
8293
1433
8214
2845
177
5330
6427
3390
8975
696
1117
2930
2809
1131
7304
1148
8910
5238
7935
9554
3372
9872
9761
141
7359
9333
88
7473
978
687
9317
5678
5046
7862
6334
6428
2347
6488
8360
8284
8557
6201
302
3228
9388
2716
1559
3413
6449
614
5576
859
7784
3951
2000
2887
8055
2351
3376
5752
1418
3261
9549
3800
5946
9963
4188
4369
4169
8851
2772
3016
1669
4945
7447
6637
5630
6459
8830
6633
7972
1393
3703
2369
7341
5925
61
1082
7592
8015
1640
8740
8956
4532
5261
1458
7220
5128
4167
1631
7898
317
4192
9801
8707
360
7352
7309
9172
5079
1315
7218
3597
2147
7147
4151
1392
5853
634
2556
667
9914
9498
6869
637
7622
5176
2860
7120
6024
59
9488
1031
1039
8594
6695
3952
4666
9331
3136
927
1364
7914
609
7095
983
7047
3349
2823
9545
9601
7426
4680
7734
1424
1827
9991
8836
1010
726
3346
8505
3768
2648
8329
4870
4070
3350
92
8577
9818
5393
3696
1644
7563
6804
2235
5114
8643
1429
6290
9209
480
9444
1731
4797
9114
447
8458
1864
4574
8356
6752
7826
3582
8118
4472
790
6837
3772
1777
1252
6587
8180
9065
3401
6841
24
3106
3679
5621
1348
129
6225
6342
6655
8545
7873
7552
9502
6096
3964
6380
9694
7725
6553
5878
8711
9990
8529
3565
4021
3355
6353
3779
4398
7849
6906
2491
753
4992
169
9849
3971
7096
4577
2152
8681
9240
5639
8402
1319
4203
5489
5024
714
7052
1277
1049
93
9558
5284
2667
2153
5654
1621
878
2111
4470
1069
1064
2997
5714
752
4766
8162
2744
5154
5140
6996
2071
4283
5473
760
5000
5112
2899
5643
8754
1683
2116
3335
6743
8107
1555
5094
305
8890
4137
5449
1903
4289
2640
7459
2942
2473
6209
5456
1945
291
8262
3805
231
8571
3840
9573
304
7080
5398
7943
9421
1742
137
3878
5629
6322
3184
1488
5710
542
8858
6227
795
8303
8702
5144
3701
7075
8728
854
2939
4764
7755
8569
204
1822
7285
3700
2389
9850
2316
7558
4651
9892
6723
1318
563
7
9349
4883
3297
1475
3059
2383
3465
3509
5002
168
7971
2964
9572
5860
9454
3658
5644
6437
7373
4209
3034
6005
3965
3098
4720
3138
8614
852
3659
7710
1539
8807
9675
4432
6474
6739
3627
2093
4767
6375
9400
6364
356
1523
9113
8248
3734
8171
5034
4890
8861
3816
147
975
7700
5550
3963
4085
2097
3235
5179
6365
7797
677
5559
7497
9516
9054
5025
9989
1804
7874
5029
7994
9564
7863
2085
4803
3616
3160
2545
8567
9789
9693
9655
6975
8252
4850
8154
5278
3270
9659
9013
6076
5635
824
5623
9155
2499
3882
4000
9401
6326
6458
4465
4918
7031
430
3863
6501
8841
6463
1681
1715
6570
7806
3644
1507
2265
5843
1727
3787
4170
7144
7477
6232
9097
8688
1688
9629
6931
9674
6042
7541
3313
2197
596
6268
4420
3583
2420
6882
6757
9721
7137
2366
8274
4776
2236
3697
3482
691
8885
5636
7709
570
2263
4381
7097
2011
7176
1308
8190
1958
7455
1894
2464
1957
4543
7379
9077
3058
9032
8372
9874
153
6279
3031
4204
8261
669
2822
4271
8450
4642
3686
1439
1565
551
3410
5297
1168
7746
5455
4449
3156
6062
2167
5213
5569
2247
9239
8025
4901
8955
3502
9582
3004
211
340
6868
8659
1416
6038
741
191
2443
7182
5474
9505
2919
8743
4754
2565
2241
2504
5663
2463
9643
3469
6492
9736
199
6527
2322
3529
8444
8369
8143
1592
6376
5339
1247
1966
9227
654
5210
1831
5118
4661
9195
3170
5841
1840
2969
6367
1238
1824
4494
716
7956
9308
1493
9889
9287
5035
1356
5905
8429
1781
3634
3405
861
4446
7122
1359
6907
2649
7394
4854
2214
3361
8291
7317
1297
4379
2751
3596
2191
7000
1460
8285
3422
4769
6208
1482
4933
4508
8092
5726
8416
3729
1976
8994
2220
9492
8962
3039
7216
3394
8795
2753
454
9332
425
2948
23
9090
3304
7266
6288
7355
4257
3891
3030
9668
6536
2973
9259
4060
6252
6239
9658
922
902
1557
3748
7291
3937
4243
9184
5775
6269
4313
4672
2819
4690
4987
4185
1492
8518
1566
4911
9585
4940
2842
1101
2454
1330
39
2312
9406
8497
2855
478
7581
2270
6121
2990
3121
5530
3813
110
1952
4791
1699
1445
1108
7135
8986
1110
1748
2330
8926
1455
6379
9562
5221
582
2019
6296
788
7503
9843
503
4827
2808
7917
9767
74
457
7458
2654
9917
9575
6903
5170
2789
5699
6113
8126
1582
6338
1447
9995
6951
8205
5248
1067
1700
9004
6368
7390
5739
8052
8085
399
7535
4343
7271
8714
9940
4416
649
7533
6563
6561
8313
1904
284
1995
9402
8720
6731
6
6826
4350
9783
6460
7296
5322
1739
4328
471
8622
887
2296
5799
3204
7512
3780
7374
1578
7911
837
579
1977
5700
3600
6361
6980
719
7180
5488
8677
3211
4211
3371
9096
6539
1213
9618
3827
8519
2433
1034
1799
1694
1157
2515
4392
631
7673
6899
4611
4725
9945
2165
2360
1055
5583
718
6560
9119
5058
6769
7480
5909
8226
8185
5914
5647
3595
4124
3028
8419
9769
1984
6186
8751
5110
6220
6549
3122
5566
7465
8865
3741
4434
2119
9472
8421
5167
6775
7827
4296
1249
3424
5656
2591
5838
8767
1893
9215
9774
4874
2774
6410
4003
9272
2279
8266
2929
9014
3670
2368
9998
9434
8781
8405
7489
9232
3373
3445
3078
437
8810
5476
6245
8819
5837
2880
6676
120
8789
5041
9715
2814
7175
9536
704
4457
6949
8338
8674
3712
8223
2801
557
4008
8525
5534
9588
455
6724
5849
8877
6956
8194
849
6985
590
2637
138
8033
3846
6357
4238
6037
9619
5944
3418
3296
9214
7992
965
1917
5780
4195
2091
920
1696
4550
7039
9737
9455
2587
390
4491
8371
8345
4123
985
2416
3109
4097
9153
1808
3369
8217
1755
2758
6940
1785
5958
3710
1885
2600
8282
346
6179
3231
5333
8269
286
6970
8046
5471
394
8414
7620
7188
6487
2958
3328
3423
9541
3913
6465
957
4138
6067
2871
2711
1905
9596
5624
7395
5615
6957
4649
2624
3866
6509
2862
5365
5346
4104
9441
1536
541
6984
7211
2949
1065
5429
8761
367
4772
3497
3385
7686
8689
8213
8840
6794
7584
9802
47
3302
7138
7442
4168
6574
7630
2798
3739
6814
843
1119
4037
2792
8234
4774
2537
6592
9360
2569
723
5517
6259
5865
335
2159
9509
3021
9735
5252
6915
6643
8128
7334
4950
2098
3187
4505
4563
9607
470
2371
7045
7090
8484
6708
5387
5022
7872
8051
3003
3735
632
1782
6075
5919
4214
8239
5695
4041
8538
1303
3941
4077
4903
4919
675
2971
967
6604
700
3508
4080
4873
7243
8415
3455
5067
2732
1584
6831
3555
7689
9092
5129
8938
493
7238
7647
5203
4386
1638
3140
7454
725
9890
2615
3112
9175
1283
3143
7663
848
1341
2421
4864
3464
7439
1195
951
6196
384
1205
6538
6087
4186
8590
3849
9962
5825
4659
9003
1936
2110
4673
676
1345
3808
3117
5253
9050
8661
3742
8576
4450
2550
7376
5874
4156
6518
9514
7941
959
198
6525
4750
659
7042
9896
8687
8455
2908
6127
1074
7982
3285
5496
7158
1470
5571
4501
6649
2077
2025
8474
5147
8193
6011
7103
3208
1472
9347
9740
7198
9415
7253
6278
9853
8969
3191
84
468
7102
2645
3489
8014
6178
2040
1474
4361
9026
2294
3167
5754
937
9274
7009
5122
656
9871
3544
1573
386
5275
2455
1143
2086
2282
3480
2945
2377
9865
7032
8
3688
4130
7544
7852
7378
7168
2118
8971
5975
8184
6386
9616
94
9898
5606
4546
2432
3336
728
4707
2084
862
1633
4936
5005
4614
2456
1344
705
4029
9700
9254
7008
3049
8493
5123
3175
3293
337
7554
7233
1112
226
1285
689
4576
4317
6646
300
3695
7320
1788
6704
5392
62
9859
4840
3518
6014
234
4897
7593
8310
9366
7214
1646
4026
6471
6932
3799
4376
4093
216
9589
1830
1437
707
8431
1896
4225
9723
9973
2
7748
2174
9053
267
690
1091
1298
5242
484
7437
2475
3834
683
1891
2837
3072
3177
6434
3118
2004
7880
1212
5009
7482
5659
7981
5778
8919
1328
8367
2171
1855
6550
1806
9206
6694
4409
7411
6682
5855
7532
3684
1938
9901
1278
9817
420
1990
2142
6231
5343
7634
4116
8514
6596
7605
2584
1401
174
6284
6866
8523
9469
5961
8006
715
8960
8198
6093
5742
9972
9247
8250
489
5432
9844
9738
1912
8364
9503
7300
8407
456
5495
5056
8398
1160
8948
4584
3563
9835
4733
2291
2410
5668
4073
976
445
3166
9480
6613
3558
6505
6394
2562
8629
5577
3213
4618
3368
4953
9848
2544
7965
3884
3400
2501
8708
7427
1554
4165
9129
6043
7277
4564
6094
3936
4172
6917
9999
3955
9138
9390
1728
9150
9126
8351
7215
1624
3386
9625
6074
210
299
9398
9873
6624
6167
2006
1440
223
6272
7777
4819
4951
5773
2264
1765
5876
910
5087
8630
2355
9846
3457
5212
3788
2599
4344
4517
2846
4569
9815
3730
3647
7693
6864
6455
7526
2050
5433
8485
6110
4471
6305
7945
850
1673
2995
7065
8503
4921
5372
947
7517
9210
3967
8568
4533
7064
4741
7316
4566
9964
30
8679
8897
9897
5745
9391
1033
2056
2297
4657
5664
3613
7637
5042
6180
8232
8824
4781
2557
443
2810
7876
772
8336
5484
5327
8275
6811
6315
7472
8316
6350
6372
9895
6943
8460
3516
6895
3674
1450
7101
8355
5334
8537
5725
3973
379
732
7979
4201
1383
4091
2048
7599
914
574
3303
9392
1933
9438
5229
6358
2726
9519
4913
1230
8721
6828
3161
7344
915
5347
508
5308
2788
5015
988
8935
4261
469
9460
2906
7336
4299
3088
183
4461
6803
9869
9111
3253
7417
6609
6294
4963
9726
555
9015
3991
2768
6842
8940
6373
9439
5246
4993
8305
5044
3522
3162
9468
274
5731
5741
5511
857
5676
9089
2664
1574
1846
7294
7928
7742
6617
6058
979
2381
1642
4856
4682
1857
6519
2782
1237
5259
7074
4780
8077
2411
1139
7681
123
6497
8169
638
1974
1678
3797
5910
2397
4383
7834
6926
993
2513
2779
2083
6557
2543
7962
9730
4927
768
8286
928
264
307
4295
2586
1466
8508
9163
5740
9377
3683
361
5060
8112
8927
8570
5803
4500
7601
5115
6010
4311
8612
4285
3043
9985
6758
7275
8847
9992
7896
1629
7791
2754
2689
5354
3188
1048
2518
8559
2469
8167
4815
114
4108
2643
4063
6784
7525
2413
4739
2326
5818
1899
6680
5209
4431
3814
5298
8480
5688
2554
2136
7450
7833
1819
5265
8694
5390
883
1191
2141
4698
2490
7330
9030
6921
5465
2180
6848
1120
164
4866
9223
2017
4241
4144
6700
242
5939
4908
9225
8639
2735
1998
2723
1655
5618
9462
836
8664
2952
1656
4202
8408
3584
9695
6025
8582
3681
5815
9714
6244
7959
1714
3290
9977
2132
5133
706
567
7549
2759
4811
7150
6993
8012
8207
3110
3905
232
8010
6241
453
8168
4281
5648
2138
3258
149
8328
1878
3247
5886
9915
355
3636
6799
5557
8823
7890
5682
8776
8673
1812
13
1658
4599
7652
3113
415
7856
2210
6742
7222
1880
8595
6088
3074
1672
3441
5164
8504
734
5146
7931
1570
7421
1301
2417
5102
1473
3989
8589
3906
1491
9559
5964
6130
4989
1309
9189
8352
8195
9314
2157
7585
3660
8397
7058
509
7051
2386
5052
5912
5665
7712
6104
7990
5970
1992
316
7977
4715
2096
2208
3662
3446
251
3174
1744
6590
6644
8842
3280
3425
587
8654
2610
5863
8965
1349
8742
3047
5755
736
497
3749
6086
7699
3326
5064
8959
9499
9951
2441
2313
7351
4997
6369
5240
7383
7655
5911
8623
5111
5349
5834
5264
272
4231
9204
9064
9364
9661
5900
1978
6641
6444
3474
8773
9275
1879
8799
6559
681
8774
5093
2678
8929
9811
8894
82
7230
1712
2089
9837
8874
4560
7225
54
6200
2838
9494
9229
6785
1761
2075
1965
3631
695
568
2523
3434
3876
6662
3577
8101
2027
6857
1510
5407
9152
7932
9000
4638
9567
1170
9301
3656
7346
2561
2627
6568
2303
6335
9800
3149
7200
9337
9768
8130
4937
5772
7716
5884
5371
4934
2668
919
8640
7878
4626
3412
5590
1461
9581
3104
2328
9344
1611
7838
421
8476
3022
5573
5075
8150
3824
1759
8604
8320
9318
3530
5282
559
8870
7165
6683
3499
2471
6529
8470
8633
3343
4581
1444
1469
9091
4860
144
8684
2280
4426
9593
7900
602
973
6339
262
7960
2334
8440
9993
5063
6170
5224
1023
2619
2503
5098
1921
7087
4610
3512
868
9326
4094
7034
6987
6222
9756
8142
5908
6620
7498
8731
9252
643
6548
7107
306
8787
564
4136
1071
154
5255
7486
196
6523
5565
9904
5591
1290
8600
6586
6085
3470
1914
7299
181
4655
5737
2229
4171
7348
4941
228
2634
5744
7631
4492
1134
2440
2107
8889
3075
81
6777
5923
5317
1532
4590
9149
3680
2533
9975
972
5402
1545
6843
9666
6161
8596
3576
7559
6337
4414
5157
4914
539
63
116
6156
3273
9856
8324
7904
1022
488
8430
9139
2567
8886
9068
2940
5338
6174
3623
9947
4688
1869
1412
7653
5208
476
9118
984
9289
7617
7134
2436
2068
5956
8587
9775
2304
5719
4683
9372
1677
5047
3887
8575
4418
6366
1834
3245
5982
350
7109
7805
438
4164
2827
5926
5008
53
6381
3894
2737
6885
4962
2740
5723
5480
7988
2062
4514
3411
5492
4718
5551
1495
5687
6248
783
9534
1913
3968
6807
5733
8744
6494
2479
4586
5801
5628
2179
3358
2589
5127
2216
2359
7666
2777
4294
1682
8783
1467
3524
5827
8160
6082
2340
6447
3221
9662
498
7551
109
3420
4598
5181
2422
6941
7468
7267
9840
2223
9528
9355
2965
5413
2124
8863
4158
9608
1193
6048
855
1569
8513
5850
7391
4523
6486
2016
5150
452
2894
41
5971
5021
7026
5990
9521
6107
9787
7071
7576
6277
9171
9638
103
1464
9771
6965
8907
4363
2564
2639
52
3139
7708
5189
6667
5072
6902
7787
6254
7869
2176
2494
4046
5187
8850
1040
8109
2982
9202
747
5989
4367
7836
9220
9487
5523
6911
5881
8769
9079
297
8784
3706
5610
5306
5704
8076
143
5319
911
8095
7885
3932
7425
6816
9838
6556
2685
8365
3916
6705
6215
1810
8283
3344
6312
156
7361
7112
7025
3330
1209
1948
8175
9379
5898
2770
6732
7021
9294
9493
737
6089
5026
1613
8297
8770
7679
1657
1815
6053
1897
3870
5954
3451
9430
4356
151
3357
1738
3751
8220
3547
7174
7966
5609
285
5486
5408
2720
6137
9428
4105
5037
85
5655
4131
2345
2099
612
7073
4224
6531
3254
2227
3415
1161
9451
3590
2338
3114
1599
3024
142
8241
4006
4978
3783
775
6343
4115
4555
7414
3758
2646
5497
2852
9446
1370
4157
6255
5846
8249
8564
5145
8692
5312
3320
3381
6764
7046
6452
3980
6861
7719
4293
7124
6642
9680
5171
38
5369
3868
1251
4081
9095
5188
7789
5323
2551
8985
3275
3909
7325
9052
5120
