6000
939
5498
3444
3738
5017
4552
4006
2846
1052
5392
5160
5043
5796
2400
894
4799
2603
3112
4696
2461
2150
4773
953
5481
1081
4356
4358
5342
994
506
463
303
5031
4256
3674
1899
2845
5226
1920
1064
887
3130
3191
4731
1806
4333
2142
5778
3923
5417
1279
1869
276
5353
645
418
2930
5971
3002
1540
1323
3764
3231
1727
4680
3737
3577
5362
2021
4851
2098
1511
3607
1158
5424
141
4964
4626
349
3676
5290
1040
4825
4526
2937
1402
404
5354
3678
4792
4881
2833
5470
111
998
3605
1941
3414
4399
4005
5557
551
2665
2814
800
206
3842
5855
2290
3910
1816
505
4505
1823
3753
2265
4797
4873
1943
5823
2148
266
2382
4978
1072
4408
3279
5725
5094
2651
195
3161
1791
2333
3623
1105
1289
4327
5560
5385
1694
3759
3207
4528
5787
3595
3379
937
4913
5487
5825
2
1948
2893
2772
3421
2088
4455
1820
1933
5326
2908
1036
5935
2192
369
2125
2040
2844
2181
992
3260
1233
2483
3158
4032
2967
171
319
5546
2314
1024
470
5908
3100
2353
4372
4168
636
3285
4822
5308
3089
4163
4302
1757
991
3818
5118
3886
4112
763
5425
5475
368
4870
1357
854
2729
2484
3992
5867
3053
5893
3126
2013
908
2782
2834
589
394
3796
3747
5311
3868
3078
4919
1618
3420
5416
843
8
3548
1935
3295
5375
3560
4225
4734
582
1446
5085
2344
1510
2364
1046
1959
1916
3067
4029
2424
546
4272
2089
5753
663
1422
3699
3979
3393
5365
2121
1375
1874
878
1302
4332
1228
4990
4382
3461
1550
1437
4473
692
97
682
5266
2690
1921
518
3167
3392
4368
5264
4834
458
4924
1711
3634
699
1872
3940
1477
1479
5722
4453
949
4155
4084
895
5556
2648
2023
529
2451
3468
1190
2064
2262
3008
4707
5292
1441
2742
3511
1698
1887
2621
3540
997
1950
4847
1157
1317
1004
2563
2363
2146
2691
117
2147
3852
2666
3665
1212
5152
767
2490
5601
3798
5355
4379
3406
1649
3517
4278
5291
4993
4947
4244
2957
543
1027
302
2912
5297
5658
1742
1858
134
190
3262
2176
3235
5419
339
2650
135
3602
4637
3252
3662
1582
728
2409
986
1486
3312
886
2179
2697
342
3337
3776
3654
5199
217
2623
3182
2261
1453
78
96
2752
5970
4261
4523
2905
3651
2226
3912
5956
3628
5063
2066
4503
4572
2047
2839
4593
3188
3313
1653
1541
2116
1015
4022
2442
1987
2656
240
2848
3153
3497
3523
2102
4573
628
260
3323
2808
3579
2048
920
4534
5471
3810
3276
532
5097
1268
5415
2486
5548
1429
4771
5983
4524
4726
3042
5673
3772
1543
5111
3309
1646
5897
1303
4972
3926
2135
3149
1703
950
5888
2381
5827
896
1888
1245
237
4088
5767
4977
4218
5511
3703
2136
5023
5404
674
503
626
4185
1979
4810
3983
5038
3328
2256
403
3348
5281
2119
5289
3015
1937
3795
5910
4359
5501
4150
3473
1242
3287
3489
856
1938
5903
3765
42
1404
2307
1041
3977
4215
2283
4959
2626
4056
2804
4128
3500
3612
487
4074
3324
5443
5230
4622
4013
3987
454
5709
2517
4270
923
5418
5569
3190
3635
4314
2481
4763
5194
2379
3154
307
3927
2411
1871
3095
2214
1152
4634
2760
868
5534
3363
345
2979
374
1722
5010
2944
2467
2748
4659
3229
5258
578
2771
4749
5587
3632
5155
5172
4732
5359
3887
5876
3969
222
2797
5219
1971
2401
4287
4669
4469
4243
4933
1175
2873
1344
5640
2706
47
1992
5454
696
1150
57
5159
615
2861
3985
1423
3340
2758
2323
3294
647
4596
793
2910
3787
1601
716
4281
5542
544
1354
1617
4911
1983
4295
1258
4245
5175
2094
1274
4710
4068
3938
3615
5227
730
901
4164
4196
1459
348
33
1358
596
4854
1905
5916
200
1407
3502
2577
1955
2902
5952
536
893
525
1859
867
2959
4595
4808
890
1812
1614
4858
1635
1875
3317
511
2929
5526
2996
633
4957
737
3223
1149
1861
3859
695
3186
1091
5792
917
2841
830
1608
478
5820
39
5411
5123
5066
3331
3204
4803
5985
3507
5216
1282
2111
1817
1909
1523
1435
2017
1362
331
5987
965
1733
3381
2754
4757
3062
2909
1463
3335
1597
208
1503
963
811
4917
5318
5202
2793
2701
3234
3165
4689
5070
4247
1985
1853
2568
2078
5863
1307
5909
4903
651
496
677
5625
1504
4785
3387
3594
4081
2055
1535
2350
4370
5566
952
1509
4715
1699
239
5007
916
4784
3084
5206
1033
1012
874
1474
168
5335
5621
5832
3535
275
5225
5314
1035
813
2646
501
309
2271
5683
24
3336
295
13
1839
3904
3869
1669
1647
3200
4987
2159
5878
5449
2759
973
568
3545
22
4811
4566
4717
451
3520
215
5663
3955
4639
1952
5813
5819
4323
4843
3562
4818
82
1522
5016
3351
570
781
1525
2884
4638
2951
731
4344
4775
4676
4550
5860
1218
1671
3370
1902
2832
3157
4104
4134
3345
157
5690
2387
2432
5655
3667
921
5283
1345
5458
17
1939
4575
4234
1533
1400
5741
4159
1513
2373
4360
1713
513
5267
5429
2625
4779
4712
1060
2101
5350
4739
736
614
2187
1645
2696
5222
4490
484
2095
3793
4576
1863
2579
818
2542
2002
1632
1436
154
108
3004
5115
5320
2712
2737
1604
5238
431
5630
4274
2482
3719
918
4623
67
1320
5465
383
370
5892
652
2325
2922
5033
346
4410
3981
2360
4191
4745
5824
30
1531
2842
3024
4537
4369
5186
1153
2237
5081
690
4310
3733
3815
5793
459
1827
5919
5398
29
4759
1580
3933
938
5079
5324
4371
2041
3102
2717
1660
2994
98
4436
3219
4480
5348
5695
467
4553
5207
289
1162
617
2556
3480
1771
4878
5037
4541
440
5980
1371
2199
5330
2853
2511
5370
2004
2122
1621
1568
4058
795
2354
5140
263
44
4820
2523
1588
604
1386
3959
3613
4795
4805
257
925
4955
2106
3791
3766
2383
391
2800
1967
5137
4561
264
4481
5785
4124
3037
4324
1156
517
5559
1516
3395
1424
1079
2633
2337
5252
3947
4339
3714
4345
5402
993
5307
5331
1185
5904
4837
691
2619
4386
976
5319
3310
5523
3553
2165
3410
2540
616
1691
2001
4690
3195
360
2326
4182
1570
3746
3060
5708
2679
4095
1554
2331
2766
2358
2503
1915
1865
1074
3833
143
3281
1085
5608
3430
92
5647
4442
1335
1578
5450
65
5089
136
1583
2654
1536
859
3333
1619
2464
1499
1489
3364
3723
5327
4590
4142
726
3205
4167
1088
2962
2103
5887
3661
1501
3122
2138
2632
3975
3682
3305
4770
1542
3512
1211
95
2418
911
1084
140
4501
5994
2580
4578
3353
4998
3816
4377
810
4342
5128
5732
5959
1911
1389
432
5015
2993
3268
5201
2826
1620
328
2487
2081
3770
4625
3077
5922
5599
3870
2920
5003
1867
3055
2950
2131
4392
351
2434
4908
5807
2235
2877
3903
912
3601
5242
2855
1322
2351
4337
4956
1564
3422
1890
3675
1351
4916
2430
5013
5171
4546
1962
2607
5435
2949
3939
1794
1652
2546
5890
69
5788
1666
4929
1204
4213
2308
3261
1387
3636
4111
3516
5643
258
2345
4538
4127
2343
5141
1792
989
4529
1961
35
5497
3591
2043
1928
687
2091
4018
2218
5607
5596
516
4318
1753
4250
2998
4296
1605
241
3036
928
5541
3193
2520
234
1248
2276
3259
2725
3459
1702
866
644
1724
1970
3404
4629
4075
3935
5602
4767
5853
2118
642
5533
2327
1308
1304
62
392
2792
669
5494
2534
1427
5340
5142
880
390
220
1735
102
2032
3275
2827
5325
717
2506
4670
1679
5403
5841
5295
457
1978
1880
2100
599
4427
5594
2768
1607
655
780
3339
2598
5182
1370
1908
711
1917
3359
2429
835
2093
5460
3249
4384
90
2840
605
5275
3014
1910
1306
4539
2494
4349
4069
2539
4540
3763
2858
3657
649
2009
4921
754
113
197
5801
1775
3995
1502
1838
2931
1991
4249
5473
1918
1379
4017
5773
5988
482
4611
686
1904
1413
4871
4488
1801
1736
1500
4033
2557
1769
1445
1231
5645
5482
1026
4082
2753
703
3046
5517
891
4702
466
5087
3797
2339
5677
2318
558
1318
1044
4284
435
5
1337
2080
4307
5278
4567
3160
162
4487
4719
3646
1380
5108
5688
4373
3599
2914
5204
1587
43
1372
3098
759
2149
4651
832
2275
3362
4061
202
1121
5968
3239
545
1125
5715
5309
659
1627
4989
5192
5113
2765
4909
3127
389
439
1984
5224
602
2780
4701
1063
1789
4789
5612
4860
5484
5942
2544
5866
2923
268
2610
1240
2288
3282
1591
2940
1746
2132
2880
4452
2519
3110
4381
3300
1434
5053
5562
1203
32
3005
4364
2819
5368
453
2086
4042
3581
1226
2472
5857
815
2597
93
4462
371
4
3360
2507
5261
2509
4420
4610
902
4930
3068
5313
1633
898
1313
1883
5727
4532
748
4968
5924
3993
1025
4432
1179
3879
3546
2573
5799
499
3931
5002
3012
2924
2124
2667
1397
2811
5059
436
4387
3342
1284
2073
3482
4727
293
4030
2216
3767
4235
2453
1082
5758
2110
2990
2513
3436
4280
1038
990
3741
1364
3585
1491
188
3297
5826
3109
2657
4355
3647
5969
5104
3917
4599
4078
600
4187
2191
4677
2582
1066
5329
5503
3007
4161
1678
3564
1456
3241
1144
931
4105
233
2591
132
5811
913
3725
4700
5862
778
5604
3721
2975
720
2992
637
2535
395
178
4288
5967
311
882
1449
5693
2881
5731
821
2336
5077
770
497
2394
4448
4965
1281
5516
3254
2851
1957
2615
5798
300
1552
1452
3688
420
127
1810
4833
3824
4777
932
1288
4686
4967
2838
3346
1927
1141
1373
2736
5341
5619
981
4905
5591
790
1007
3777
5078
2711
101
1116
3874
661
4912
3118
4683
4097
4892
353
4562
1999
3855
2010
4316
424
2883
4171
437
4413
4555
5681
3618
1706
3690
249
4861
4997
5954
3617
2202
5775
5024
2831
2661
4889
509
5584
1022
1651
1166
71
2812
704
366
2786
411
831
3467
1993
5989
7
1772
1705
2436
1710
4530
3487
5851
2061
1676
673
5960
5656
2018
1057
4522
881
3216
4788
2398
4397
3460
2816
4320
4899
2295
5135
1395
3899
5485
56
4762
2802
3880
1029
4343
527
2680
1762
3114
4574
4678
1250
751
823
4330
4852
3533
4525
1214
438
2193
3479
1674
413
1731
5638
334
2117
1365
2024
833
1547
1493
1011
1196
4363
2230
5627
3914
4545
852
2224
5345
4973
840
2476
4468
2745
2433
1217
5176
80
5254
2997
1189
3385
2375
2917
4233
2720
851
4113
2714
1124
4695
643
5705
194
3135
3884
4038
323
1293
5934
4764
297
683
4615
5896
2773
1221
3905
5515
3597
5315
5685
236
2681
4108
376
4848
161
5918
3040
3848
4725
944
2449
2278
774
3486
2421
743
1155
5512
5006
1720
1225
274
4203
2196
4457
1392
3896
4654
3166
3025
3575
5592
1901
5999
4758
2974
980
288
798
16
5986
3851
5529
5228
1925
4560
2257
473
5982
3206
3292
2239
3684
1146
4352
3386
3452
3481
727
1539
3369
4416
679
1958
426
4023
519
2854
4898
2036
3574
1936
5984
4890
1697
4906
4613
4886
5412
3350
2034
4258
641
4647
3080
3592
1115
1972
1625
2830
2130
3218
2471
5921
4934
3329
713
1770
4230
4444
2062
3984
3826
4790
2479
1949
1095
3365
5030
4401
4868
3549
2559
1556
2938
5537
4183
3724
4336
4419
3133
3415
1462
3806
4765
5582
1754
2310
5756
1932
2871
4582
625
2588
2547
2664
2120
4862
265
522
569
2468
1336
971
5444
1443
421
2892
5055
1043
3589
3916
4692
2733
3686
1788
1662
4024
1811
4753
958
5189
456
1276
1726
1831
210
3458
3327
3894
4435
486
3875
5803
1677
847
2444
1609
15
3138
5563
4059
5920
1359
5522
4893
4076
2685
3944
3945
3624
684
2338
4375
2200
1758
4945
1314
2574
163
4709
2246
3527
5039
1444
5265
4768
2538
1795
1000
1192
2084
355
306
122
1684
2817
4062
1148
574
733
2126
1602
5828
975
665
816
4961
2031
3277
4309
5914
3629
3760
2863
4948
1545
4486
3169
5577
782
1518
3963
1681
4940
5644
2866
888
1956
3145
104
4092
1879
2524
1448
941
1184
3244
3872
678
771
4664
2630
2565
2422
483
2948
3786
3556
956
4027
4157
3227
5127
1882
252
2241
2189
1844
4040
3918
4673
1042
5943
91
3344
5911
4050
5114
4044
3463
4774
535
2869
4120
5382
2153
681
3790
1765
5323
5816
412
4181
1996
3175
3088
4742
2637
2285
4012
3177
2378
2435
333
4311
2133
74
287
304
3922
5502
4162
3619
4347
2576
3233
1328
1548
538
1186
2330
4632
2521
3045
398
2140
3222
3867
5469
2818
2245
2522
1780
4657
1571
933
3094
1907
174
5795
2764
4815
5151
632
402
3087
296
3571
4279
2586
3070
2407
5505
3718
5831
5706
5835
4071
2970
1940
5674
982
701
1127
1050
356
537
3255
2541
1740
1976
3503
5948
5279
2367
4346
3653
5691
5838
1195
1244
1440
4474
3411
3318
5294
4864
685
1108
1815
3664
5789
623
5543
5759
1719
1220
3558
291
4667
5743
4931
4138
4649
4925
5174
3092
1683
1312
4146
224
2244
1642
1177
4891
1624
1342
4844
401
4041
5433
2053
995
332
1253
1053
4584
3831
507
3408
2644
3576
4465
1129
2602
5049
2243
5302
2904
3419
1117
5109
182
2891
1399
301
4656
4492
4102
2947
4743
5981
2985
247
2079
3978
2613
709
4292
2945
572
4879
3757
5972
5287
3680
4136
4060
1383
2639
1835
4350
2972
2016
3811
2498
3374
609
3034
5962
2123
1338
4594
3168
3438
4403
968
3919
2056
4888
1309
5218
2166
5446
914
559
1019
4556
844
4608
3296
877
765
4520
4923
2560
1977
2806
1487
384
5941
4051
884
3783
1138
5700
4975
5215
549
4740
338
2417
5185
271
2828
3641
407
2019
2210
919
498
3514
3857
3101
3769
1589
3021
1495
5464
4943
2450
4876
5783
46
1137
3495
5830
4317
1433
5666
1638
2027
4206
5156
3965
4137
1143
5263
3197
3069
5953
5197
5766
2704
3400
2221
841
2427
5610
591
329
1527
2380
5524
4210
3380
1259
1114
4963
5525
1741
2622
4374
5829
4037
5678
2612
1103
321
2059
1099
2204
2600
5580
123
567
4328
58
3544
4085
5990
2879
121
746
4666
3956
714
5426
3377
1480
5269
3484
2803
2403
277
2956
2480
3000
3539
2201
89
115
3697
4308
2177
4175
2926
3660
2593
1569
2194
3099
4950
3448
1120
3949
3156
170
1664
5073
2105
4273
3187
5844
112
5495
5865
5459
5401
4901
5075
5821
2777
4883
1056
5274
4289
4118
862
1922
5138
166
654
4103
4449
3134
595
3228
791
1849
2114
1998
4826
2906
3578
5288
1960
1287
2151
2645
5837
3781
2807
4633
5979
5005
987
3866
2391
1717
2862
624
2466
2074
5466
5552
2037
5611
5169
5843
1182
5298
3990
5636
4450
1292
1254
1396
5116
4282
3031
3150
2108
3695
1870
4139
5217
2198
5717
2927
5178
2741
1223
2587
2457
2300
5977
4600
2443
5021
2440
3681
5628
3247
1097
2624
3033
1824
2897
1802
3830
4426
740
576
116
1628
52
838
2217
2060
2756
5620
4180
1421
5211
999
1551
5957
5148
1467
557
5899
447
2551
4454
2497
5702
3862
4996
550
707
4897
5810
5474
4885
1913
2320
1821
3499
4476
310
4194
3736
5834
5794
4603
1403
2252
613
3018
3951
5933
4388
5623
138
2075
3663
2934
4477
2693
2293
1280
515
1515
4433
3146
3838
5836
5917
1086
5514
776
3367
531
2372
3551
1135
1169
3266
2399
5651
176
4960
330
1331
4655
2408
2385
4204
4154
4231
4884
1766
3671
425
2727
3418
4441
3948
172
4283
5145
560
2388
3032
3293
3590
2248
4544
5682
5913
3883
1089
4414
5856
3128
849
1001
4119
5233
5248
768
5949
3466
2044
3120
2964
3932
1808
1796
1260
3998
5642
563
3989
805
1813
1532
2751
5168
5100
1629
3026
1147
253
3598
2020
702
2152
2631
1692
3976
2215
4145
3465
4806
4980
5120
5800
1355
2628
3441
5091
3435
400
1524
1714
2669
477
2185
3131
3352
630
693
2180
4264
106
2502
4591
3391
5710
3784
5550
4176
4782
5540
2267
5399
1466
21
5448
2365
2366
2324
5780
541
4857
3194
5095
5784
741
3754
38
5745
1224
1270
5299
1779
4010
2829
128
2537
5093
1464
5671
1300
3902
1415
964
3270
3407
2137
145
1809
4140
3375
2791
1329
3066
2776
1496
2596
5733
4724
5190
1600
2286
2515
4551
3426
5229
4418
4205
4312
2710
4910
3056
2739
364
10
5257
5679
5734
786
2843
4985
1165
1693
201
1034
2675
4685
1526
2747
3819
318
1406
955
1045
5080
875
4014
1826
1145
156
4201
445
889
4831
4821
1773
5367
489
1194
4751
1232
4015
3280
2531
3888
3633
1002
290
718
4580
2740
4354
5659
1581
2029
3689
548
3709
1586
2386
5064
4796
5004
3561
4223
406
5814
5718
283
4286
2186
1310
3717
211
2887
1454
3214
904
3627
2232
3072
5130
5380
4003
2076
4262
761
1521
1862
3907
396
4094
1640
5457
3996
603
5586
2794
2581
3526
1805
4922
1272
4153
735
3508
1707
979
820
5296
4025
490
2919
4207
2335
553
4512
2212
2028
629
126
5336
586
4969
1118
3827
2634
5144
706
1213
1944
5532
1485
5701
2963
54
5453
3129
2859
2738
4971
5565
2274
358
2284
5369
5873
4597
4253
972
5849
3284
5889
4974
5649
5573
5757
5869
4966
1428
3580
25
2605
4517
1296
1575
1235
5600
1230
3085
2346
719
4443
3399
2492
3822
1023
5772
4458
627
1606
4221
3274
4188
4991
3568
3572
3554
3428
1294
2980
1098
3982
3997
3442
1037
5420
4463
3209
1058
2236
5597
5997
3291
3416
5965
4197
3022
2104
120
377
4506
4783
4087
4174
441
1530
3330
4267
2063
1465
5478
1059
1843
3973
5011
948
756
1819
2894
1457
3701
243
2090
5483
2475
3924
1048
2882
3968
3788
5653
2785
3306
829
1172
88
5187
5538
812
1613
2455
1947
789
5164
2045
4494
2058
5467
2008
2077
216
4729
3001
2371
4156
3215
2749
5214
4787
3773
3814
1018
4478
3807
3704
5188
2795
1171
4781
2223
5328
267
4121
2746
3047
4255
4586
524
1893
784
1451
4547
2857
3010
1537
5845
3091
2384
2410
5886
1374
4404
5510
2304
3075
5551
452
5947
429
523
5440
3802
3170
1751
186
2206
2071
3885
2173
3732
4123
5768
5490
1327
5147
2250
2885
1326
1667
5763
3563
443
3038
1512
4842
1668
542
5955
4992
4644
528
1264
3778
5126
4900
5993
502
49
3405
2168
1616
238
5667
1924
1856
5062
4516
4543
350
3895
2901
2477
5157
897
427
2976
1377
3898
3356
4499
3250
3537
434
4417
1847
5822
4995
2416
5180
4735
3845
1650
5854
2297
2865
2299
2954
3443
59
554
232
1087
2292
3694
3707
2070
3652
1538
5001
2678
3745
118
3125
1774
2988
4951
668
3103
3491
3325
4604
827
1401
2659
262
3401
3263
857
3117
4470
2305
2512
229
2716
388
1663
254
5165
5544
4958
5616
3715
2068
4411
2247
75
2820
2941
4824
4456
4179
4563
3616
2700
4331
465
100
4941
3642
1469
5509
5212
4021
4297
2991
3789
2864
2495
2852
1409
1892
3962
1256
2289
2128
1391
4513
680
2825
4570
1964
1290
3424
4306
2763
3518
3988
2458
3258
4869
4184
4827
3586
2423
3504
3113
3588
4853
2744
2684
5781
5106
2255
940
2789
131
1132
4722
942
2562
4845
381
3017
3964
5716
4325
2234
5139
4275
1236
4100
1473
2676
3670
1251
2660
2390
1222
1039
4813
4434
2549
228
485
858
4640
2620
2228
3785
4675
2254
5099
2334
2161
4192
1561
2374
1470
5750
3668
3403
1384
729
5167
5397
4514
5056
4800
4631
5676
3065
3957
5804
961
3433
3079
1054
3587
5900
984
5712
802
3210
2460
1603
5333
4721
1732
2415
5639
1790
749
2404
5547
1900
442
1008
4186
1325
1229
3854
2463
2393
1825
985
656
3630
3521
4198
5379
2452
4440
3835
2113
3446
248
4009
2332
1078
5406
336
4780
3178
5760
2164
5019
1133
5687
747
3115
3994
430
934
1768
5581
4366
1519
55
885
3834
5615
4865
1798
4875
1786
1787
3953
1687
1756
4928
3124
372
280
1295
2099
4431
5598
3159
4321
4391
4241
1914
1198
1420
4301
905
3394
4498
1729
3224
2856
169
521
2813
5383
3064
1291
3492
834
3472
2555
5898
766
408
4624
422
864
5110
1159
68
352
3326
3483
488
825
1781
20
4224
4073
4106
2182
2682
4554
1672
3086
5437
4688
606
2369
3584
670
2550
4882
5634
2592
455
4856
2928
3349
448
5622
3801
2259
3844
1579
2640
361
1974
3396
871
2899
4143
2907
5181
3716
3093
5253
4091
5293
5568
4319
385
3469
4394
1855
5561
4801
2781
492
5183
2895
3286
4439
4798
5779
3302
1266
5558
2317
5872
2392
988
4602
4558
4228
5848
2341
4147
2671
387
935
4606
4402
4723
2473
2190
1567
2242
87
1840
3687
3176
4259
1997
5992
612
5518
1285
2485
3265
500
14
4209
4409
1494
5790
899
5184
2294
2821
773
3121
1857
3221
1017
273
1520
2518
2935
4220
3972
5304
4508
4509
5162
5086
4385
1261
5815
1565
1199
103
3273
4036
1028
3050
732
428
2277
85
850
1497
4867
817
1332
5376
1730
5885
3519
1799
4559
4612
4627
414
4430
1665
3289
1140
5045
1414
469
5249
5117
5041
3240
752
2163
5131
2545
1760
2488
1271
450
64
5613
5646
4254
5410
5479
5764
1846
2042
724
2376
3954
2823
2454
130
2154
1450
4083
2583
3649
4045
1181
5442
3361
580
1202
2158
4927
4043
5268
3485
3245
3039
1793
721
4000
4684
3139
1945
2995
4863
512
571
2143
5092
284
5243
5321
566
209
3035
5048
481
4070
3076
365
4269
2402
619
3061
1319
2011
223
2499
2356
4502
1951
3171
869
3794
107
259
4519
5721
5389
1200
3192
697
758
3569
3513
2955
3696
1273
3454
3132
2567
4896
2172
1346
1610
3321
1842
5847
4365
2129
5022
2946
3225
5842
5650
2003
983
3740
3805
4581
4202
5641
4290
5035
2145
5895
2258
3451
3768
4077
3020
3712
1912
1763
4694
3308
4665
2253
2801
5883
4583
1247
689
312
4195
3238
915
1049
2459
1560
133
4126
1716
3542
2205
4937
4495
1563
3820
4208
2734
1106
4642
3155
5692
794
819
5357
5665
5255
3570
2489
936
1919
5133
4240
5276
3991
3144
5042
5034
4571
4621
5762
2575
1558
4880
4598
5220
3658
4835
657
1071
37
3248
2355
1946
5386
2046
530
2033
1797
3493
1534
2260
2107
5158
405
1750
593
1255
2441
1506
1712
5134
3490
2876
3782
5119
386
3181
3013
1154
3640
1
1176
3828
4177
1431
4914
5306
5549
1398
2227
967
4099
5009
4935
4746
3841
3474
5648
5966
1612
2662
1475
1566
1988
3044
4398
159
5703
2918
3967
1752
5769
2999
2641
5726
4662
6
4053
4482
5626
255
3116
1685
337
3447
5241
5765
2595
4131
3105
70
5579
4294
181
1067
1173
2787
3758
5431
5061
2306
2508
2412
1689
1297
1442
1926
2698
5405
3290
5231
230
3477
2762
4063
2536
5358
1528
2368
1549
2115
375
177
2750
4691
5699
3462
951
2611
2601
4846
3774
2942
3908
5931
5939
4001
5161
3028
3702
1986
2438
5250
3488
4135
164
3836
285
5018
3930
4620
3637
3812
3547
648
1076
1083
4697
865
1197
5912
4338
1238
48
4093
5571
796
1884
2860
5714
3679
556
5372
5143
3611
1562
4304
3555
1101
1183
5036
5698
1696
2798
1745
2225
2532
1180
2889
3970
5902
520
5670
742
468
744
5991
2642
3775
4211
3043
2799
2925
4706
2688
1576
2796
4720
3029
147
2437
650
5974
4169
5736
5273
5439
5882
5477
4393
929
2903
5589
1973
3837
526
855
946
1851
2264
189
5027
5232
294
5339
2445
2805
3524
2723
3897
4932
5609
2528
1778
2702
1725
3808
3388
1994
3073
3881
598
5235
26
4396
5774
960
1092
590
3368
597
4832
461
476
922
2220
2397
3315
1747
4817
3081
3604
836
5360
3074
2921
3090
2686
3371
1555
1737
3402
446
4736
4116
5937
5539
1187
2822
2396
5069
3941
2755
4361
1923
4428
3041
4172
5239
1113
155
5724
5236
1894
4565
2775
803
2571
3314
930
3347
4141
3552
1324
3531
4020
3283
2966
1126
5776
1353
4237
3942
4557
2321
4151
5421
1334
2548
3672
4189
3299
1112
1142
5101
2370
3771
1701
2743
1639
5791
4984
4046
1205
1594
1298
2898
305
4619
173
2558
809
4646
2491
5209
4216
5929
1104
278
5672
5390
4786
3849
5859
5149
382
298
1286
4887
2348
5090
1630
1906
2983
2900
2162
2778
779
5493
4970
3582
2414
4635
3644
4390
1174
4687
1069
1700
5730
5322
906
564
3162
1390
2051
5930
2604
4271
3429
2462
5237
753
1634
3892
764
344
1891
3761
1246
3650
4589
3163
1592
621
2231
2425
3856
3813
2896
808
4812
1767
5098
4227
5492
3958
5361
144
5737
4628
3952
5661
1193
2465
631
2709
3054
419
2510
2969
2038
5884
646
3889
2770
4521
4579
3137
2015
1031
1804
4944
3052
5129
4421
4760
814
5428
5200
1559
4518
5447
2788
2183
4733
2039
3710
3534
5107
1020
5746
4874
1301
4938
2474
4497
2965
3803
1761
1850
4483
4367
534
845
5408
4730
4949
41
3123
5850
1352
3230
2694
5486
5153
5223
4293
4460
4389
4067
433
2127
2156
2692
4064
3267
3496
5221
2469
5029
5782
242
4251
1360
2268
3643
3573
3742
2000
4778
1982
1807
4461
3893
1517
4500
192
4034
2049
3961
4636
996
672
5060
198
1119
31
5839
2835
4693
846
1484
5103
3515
3220
2809
4173
2249
5040
179
1330
1709
2649
5259
5008
5051
4277
3425
5915
900
4976
4671
3900
1836
872
4322
3390
1654
4219
2109
3821
3731
5409
378
3319
235
1759
5455
4055
1852
1903
4348
3470
4002
1472
5747
2824
3603
1460
1886
1483
5742
2705
5840
1047
587
2977
577
5191
510
3726
5256
1656
5618
5432
4936
1814
2357
3412
94
924
4326
245
5210
3142
4485
5499
3860
2448
4510
1363
3358
5280
1333
1896
4507
804
4405
3911
2395
4291
957
712
4035
3729
4836
5132
4378
1191
2609
5052
191
3417
2207
622
1209
5925
5344
299
4117
1305
4564
3677
23
4341
256
2731
5852
3877
3720
5927
180
5660
4569
36
4086
3960
5675
5343
3450
3378
5875
1161
3357
910
2868
1369
2006
943
5975
3384
5438
1340
5936
218
5084
5958
1269
4048
205
658
5413
184
5012
1123
3847
1885
2178
2670
1299
1686
226
4877
2636
158
4096
124
1637
1934
244
2134
1102
4645
547
514
51
2529
340
4609
1471
1210
710
1411
1068
1715
3659
5963
3464
5491
5527
231
1065
2446
2054
3934
4838
3779
4011
4794
5068
4907
3559
883
694
227
2730
3269
3656
3023
4252
5014
5441
5251
204
1130
76
5506
2982
4229
1131
2361
3850
760
5282
3184
4829
322
1659
495
2627
1077
193
1275
5808
19
3058
723
5384
5338
4769
610
618
2377
2316
2888
5593
5150
3645
4340
9
4718
3532
1237
2007
5173
799
4101
1061
1833
3756
4577
5364
5818
5245
5203
4737
3243
5310
5545
4257
4859
4144
927
1160
3525
2968
839
3389
837
4214
3271
2569
3639
2514
2362
787
757
1596
2677
1458
2890
4793
83
1216
1080
5400
4303
4400
1188
5521
317
81
5334
1206
2564
3152
1755
5195
640
3648
1013
5861
4511
739
3203
4652
3383
114
2836
1349
4007
4814
3762
1748
4823
3
2672
4380
5028
207
2761
45
1648
1834
4305
5046
5054
221
1690
1598
777
5071
146
1341
1163
2313
3196
3316
3106
3202
320
4658
5654
970
2726
4750
4466
5805
5605
5870
3522
2251
2072
2272
5723
4840
5476
3301
4130
4026
2719
2505
1954
5973
1361
4752
5694
2516
3457
4266
1584
4065
4939
4515
2222
1265
3744
4643
561
472
3752
61
1207
4674
5112
4716
5576
2553
824
2439
2144
1670
3864
77
3208
5234
2652
3174
4199
5083
5606
4641
3974
3048
5427
5697
3929
2213
879
279
5740
738
5689
1658
4802
3498
1830
3183
2606
415
4982
664
2269
2301
1990
3354
5951
962
700
3825
1468
4362
5632
5880
660
5754
2987
2981
769
1505
1631
2915
4299
3925
5451
5105
1239
3272
1367
3691
4527
1866
5797
2973
175
1408
4872
4028
185
1615
2728
5806
792
573
2431
1822
1425
2984
4587
3382
2724
2025
2939
4699
1854
5555
5905
607
2282
5396
2208
397
2389
3201
28
772
3673
5707
2496
1006
380
4902
5564
3610
3016
3427
3373
314
861
1641
3666
5284
892
2658
806
1003
281
5614
5704
3843
1514
1623
3063
2035
3198
105
2478
2585
3108
109
1447
4618
3626
4268
3211
5748
3256
165
5430
4704
5394
581
3232
5570
3853
3966
137
1718
1109
5868
3185
3863
315
1488
471
2870
11
3986
1030
2273
4962
2570
3713
2291
4614
4057
3596
5812
969
1739
1347
2850
1134
3755
705
1215
5749
2014
3705
5166
2311
5662
873
4648
66
1016
4679
635
5312
1014
876
86
4484
3179
5247
4132
5833
3873
4376
1572
1348
926
2211
4791
3434
5874
4630
139
1832
3937
3172
826
2296
1966
1283
3413
4232
183
1688
1278
3366
2195
4109
2769
5461
1734
1252
4744
3529
2590
444
5082
863
4415
3631
5946
2978
1032
5356
3264
4946
4705
1316
5456
909
5786
2933
4711
634
3804
4334
3236
1723
2270
2030
2815
5436
187
2525
1122
148
5686
822
225
4351
4983
2426
27
4830
5163
2067
5346
1743
1405
2092
5944
2715
423
5272
592
416
533
5065
3083
2240
1749
3476
698
4446
4248
4357
5472
1393
5489
2155
3817
5858
3541
5961
3456
1776
601
1529
460
2552
2578
2589
3865
2561
555
3455
2790
5463
3840
3148
1744
2096
4471
2971
1410
4276
1864
363
5352
2958
5652
2952
1704
5496
3478
2340
5122
1828
2932
4766
1267
4406
326
3683
3606
4049
978
3980
5567
1878
79
3104
4748
3609
2618
4004
4114
4236
362
4491
4193
4395
783
3136
4804
2837
5508
4129
3453
4080
324
1051
1170
313
2065
2916
1111
750
1262
4672
3506
2874
2281
4819
3566
5617
1980
5906
3226
2653
1090
4107
1675
3303
60
5531
785
4019
1680
5452
2022
3901
5193
4239
5270
5025
4809
1417
325
2757
4994
2718
1889
5213
354
4850
3750
3943
2584
1803
3536
966
269
4054
3332
1989
903
2554
4549
2543
5500
3638
4894
5124
4383
5316
552
4260
2405
5136
5891
1388
219
1416
1490
4920
1963
2784
5578
4098
954
4089
3971
3730
1931
1544
1655
2447
3445
494
5513
1055
3700
129
5751
1557
594
588
1382
860
286
2287
1643
5000
4616
3278
5940
1546
4149
2052
4617
4663
5519
3199
4681
2050
2470
5530
4536
745
5301
3706
4533
5317
292
565
3743
5395
3143
1455
4160
1094
357
4047
5926
5170
4072
4761
1139
539
3792
2961
3307
4451
2087
5945
1257
1432
4285
2655
2722
5177
5657
2629
4708
688
4424
3614
3322
2572
4412
3334
3003
1376
491
5154
5032
2328
3543
1784
4668
4548
3409
5755
3708
4755
1930
1201
1881
40
1009
1249
1975
3780
4828
4190
5738
5995
5377
1995
2953
5739
3913
848
2167
1868
1841
1873
4588
1611
3494
5585
3600
3751
585
2986
347
4335
5696
1492
3528
4714
4222
1093
1476
270
5595
1168
4504
4988
2695
4464
575
2699
5371
3809
3180
1585
3341
5260
1969
1356
12
5074
167
5205
3858
4016
2673
5121
160
1574
807
974
3557
1800
1378
5871
1107
1626
5635
2069
3871
3431
504
755
2616
3437
2312
3288
3242
3501
3735
3071
316
4429
341
1577
2263
5684
3928
2779
3876
1953
1412
4918
2608
5044
4585
250
2203
1219
662
2594
2209
2171
1782
3878
5026
2083
1128
1381
3119
722
4952
3253
5378
2139
5337
5554
5624
1430
3147
3449
5809
213
3800
4459
1419
1164
5196
3057
666
4592
1599
196
5198
1343
2689
3734
3475
1075
2599
475
399
5729
3915
1845
4741
5363
1438
1478
4756
1877
1227
2141
3567
1783
1136
3376
2456
671
3583
3698
4607
3217
4353
2238
1350
3096
5603
5720
73
5305
480
4601
2359
2708
5146
493
3009
3006
5923
5366
479
393
4200
5588
1385
907
959
5735
5504
4148
2683
2347
2188
4238
3372
4568
1010
2989
3565
5240
5864
5877
4133
2936
4425
3082
5125
788
2322
5950
1507
3049
5664
34
4212
3727
5996
4954
3509
84
5901
2635
2413
3846
3471
1315
5387
2319
725
474
1848
2767
142
2012
3439
4079
5303
797
2526
4738
5445
4152
583
3398
5520
5076
5572
5932
5964
5414
3608
2157
3338
762
367
4166
1895
4839
1553
3355
3213
2735
5374
72
1573
3839
99
1368
1167
4698
675
5879
251
1100
5271
3030
4178
1738
2867
977
1321
2169
1829
1508
5771
2566
4531
870
203
4703
4475
4008
1721
3891
2298
50
1021
5262
2647
1366
5802
5713
1981
3530
639
5244
119
1234
2872
4115
4052
2504
2847
5246
2280
53
151
3621
1876
584
5928
3251
4472
4447
5507
5332
3019
5208
308
3823
4986
2721
3620
2732
4263
4110
110
2419
1439
3320
417
3246
2329
3593
4437
2530
1110
1644
63
4226
2197
3257
5285
5711
449
562
3890
1418
2266
2085
1096
2886
708
4866
2302
4170
1277
2315
3832
2229
1178
3097
3140
1968
5631
5423
5744
4066
1860
4265
5637
212
1481
4728
2911
4298
5088
4855
464
5669
801
4217
2533
3550
3298
2687
5067
152
5998
282
5096
4031
2878
4816
5894
2943
1837
3164
4660
2233
3027
2614
3906
462
1898
3440
1426
4776
3432
1777
3693
5391
2170
3051
4423
2026
4315
5574
2849
4942
4747
1070
3692
4535
5817
3304
4953
4772
359
5277
5536
1151
5058
5373
125
4122
4895
4496
579
2406
5072
4926
2175
2352
2342
5535
261
4754
2279
327
1622
4329
4313
3510
4489
5351
5770
3950
5434
5668
3748
4438
5938
4915
3237
4479
3141
653
5349
2493
2638
5468
608
3921
1590
373
2097
1636
1498
4713
3397
5422
2674
5881
2707
3343
2160
3728
3669
3189
5846
2349
1728
335
5480
3936
1339
5590
3505
3711
2703
4542
1243
5300
4407
3739
5583
3909
3882
945
3111
2913
5381
5719
2617
508
1461
3946
153
4422
5102
2057
4300
4650
1965
947
272
4999
3212
5050
1673
4661
1595
4158
853
1657
2174
199
2668
5407
3749
1263
4090
4682
409
715
5633
2005
4467
5553
2309
1394
4165
5907
4981
3622
1661
3625
4125
3151
18
4445
2501
3173
1942
3799
5528
5629
1482
5393
611
1593
1764
2184
4039
2810
5761
3722
2875
676
2420
343
5286
4242
667
4493
2500
2783
5976
540
379
214
5680
1929
1311
410
4807
828
2112
3685
149
5575
1208
5388
2527
1682
5978
734
5179
1005
5777
5057
1062
2303
4849
2643
1695
1073
3059
775
4653
3861
2960
5488
1785
842
4904
4605
150
4246
3655
5728
246
5347
5020
4841
3311
3920
2713
3423
3999
3829
2428
2774
4979
3538
3107
1708
2082
5752
5462
620
1818
3011
1241
5047
638
1897
2219
2663
