7000
6955
3501
2176
4314
3435
223
121
6040
3367
5265
3736
630
5457
1726
3198
2238
1042
3129
5028
917
6969
624
2471
4664
5525
6797
4464
6701
6939
65
123
2672
1422
177
3136
1598
4850
2165
3457
6146
4062
3644
5727
4715
5123
3277
6329
3107
1711
5865
6685
2717
2917
2946
4517
2733
2590
2514
2492
2351
5741
2958
6454
3514
1477
4267
3035
644
5690
690
467
6228
5215
4561
2367
6916
3137
6822
6788
5552
5578
4034
6508
4764
1796
373
37
4435
2004
2136
725
641
6291
1744
1700
4165
3813
2871
6982
5421
3931
4172
5942
70
538
2029
638
3792
1566
1447
3108
4538
1401
4568
4925
4146
2759
6051
3942
4829
3218
3954
1738
6159
1234
6338
906
6811
3551
1547
5913
2493
6869
1457
3795
2206
4844
685
819
1688
4174
2090
6008
4055
2843
5527
4286
1773
3605
6451
2032
6575
3778
1302
2757
2882
2949
3649
3708
2976
3806
87
3210
1542
2934
441
5444
6248
1917
4442
47
5187
2504
4942
2488
4225
5512
6579
5318
6152
1012
5596
6340
232
2701
5669
5314
2550
196
3054
1892
6611
1133
1517
310
6020
1673
2001
4598
5694
1594
3547
4095
3740
1448
2205
1345
3559
5264
5968
1164
5440
6510
5616
4498
1246
4259
6516
1451
781
3976
1654
957
4152
5199
845
4672
2061
901
2473
6371
4481
6120
1353
81
6567
5243
1072
6900
2372
3953
2257
805
3188
5558
1438
1522
1628
3705
52
3033
1348
252
1030
3219
3560
6443
501
446
5929
5104
5962
3679
1313
4294
1033
5494
2390
5935
3247
4060
3977
293
747
2602
188
3862
4501
4113
1024
5569
5458
5374
1098
6875
1084
3412
468
5480
5902
5176
2318
851
2234
3755
6878
6447
2122
3573
3552
6995
938
5008
4510
6325
5714
1918
4220
2275
5368
4866
3587
3789
1960
4827
2651
905
4666
5605
1634
3472
648
2866
376
1282
4944
412
1555
2997
2191
6252
156
5443
165
4479
4673
2286
3683
6414
6842
5548
788
4444
405
6893
1305
5019
5207
4711
32
5916
1916
1038
6092
6208
525
4315
3686
277
5220
6934
4611
1397
2695
5644
3371
3539
6985
4655
6848
6484
60
1134
4268
2748
6369
5100
5302
3626
5507
4200
1776
1327
755
2149
6421
5683
5164
3711
6074
5673
2942
796
6479
5987
2031
1812
5736
2381
5941
458
4698
4849
3863
4727
2445
4297
12
971
5319
3482
1472
1195
2077
2828
2170
2341
6037
4566
6708
109
2297
2125
956
4830
6815
4110
3623
6749
1182
5430
6095
5136
2018
5108
6106
89
3732
590
5007
4641
3772
4860
4375
6187
2708
3004
3297
4215
2498
539
1152
3096
6030
251
3701
651
1559
2274
4343
6034
3757
3420
3941
4649
5780
4149
1430
5419
4719
3645
5403
3699
279
205
294
5117
1014
2847
1285
5716
6331
1078
1408
431
5446
1957
3988
6350
6666
391
4462
445
5239
16
5154
6164
356
1819
6308
4380
1890
5986
6854
5052
193
3831
331
6623
5293
3021
4447
3408
2153
872
6773
5959
2727
1880
1778
428
5277
3028
3556
324
4961
5080
506
222
870
5425
250
3017
6634
341
2998
6997
4459
6396
6580
2252
6317
4224
6972
6278
6259
1621
4665
2484
2616
1593
6973
2642
5193
673
1760
5737
3043
1824
1106
600
3766
6279
6456
2093
1973
1587
1450
4749
5586
1455
5109
3949
3279
5768
4065
4885
39
3144
2511
321
2950
6243
3184
415
674
3047
4922
41
5617
4560
6966
2853
1550
3050
5437
5720
180
1896
1974
2821
1495
4840
3152
207
5287
1510
4565
6305
6684
1419
2562
5936
3669
424
3066
865
2400
3787
1990
2108
5744
2731
1155
3824
1961
574
1262
502
2401
4979
6263
6881
6231
6877
913
5173
815
5598
4905
392
5396
688
2827
3871
6541
524
4079
6426
6919
1537
1536
3286
985
6318
6096
5729
6147
6807
2643
3419
1687
1888
3916
114
4219
6057
4875
6534
219
4389
2083
5090
6394
5583
3935
2737
236
2924
3945
3354
4797
2280
6407
5643
5899
6833
1534
1630
1352
782
5275
6347
5442
1795
5495
4676
2267
929
6449
1213
942
1093
4865
6288
281
6201
4996
2053
4832
3529
6265
3625
1508
3875
6829
1799
5381
1298
2570
5686
4231
398
5860
1331
2200
702
2179
4333
1307
5149
3307
5365
4301
809
4142
5925
1832
1059
1023
5493
6747
4769
6757
170
2416
5611
374
5544
3394
1698
6801
3488
593
3724
4853
3661
1214
5206
5200
49
5666
5591
1951
677
992
5
4338
5161
3379
1608
159
5232
4803
799
6324
4834
3487
1402
6210
5134
2429
850
3654
3566
3884
4063
1525
2789
6936
2353
4702
5975
849
3891
687
4781
4770
719
5600
505
1491
6958
1704
3571
1583
6249
5153
4238
2436
1065
2585
513
3986
3779
6402
3610
2660
5364
2311
6336
3275
153
4752
5705
3726
5848
4018
3167
1333
1441
6386
795
3135
2574
2894
1120
4933
6068
875
6668
3056
5372
2936
6836
3310
6245
2544
4984
973
2022
4928
1798
1476
470
2107
209
2920
5826
2531
5647
6488
4947
3270
1610
2376
1474
882
748
2145
2830
265
2273
76
3282
1817
1923
3205
1554
2450
531
5112
5979
6410
6193
3950
5612
4721
6571
2246
1427
1962
3191
4277
5804
6863
1814
6576
6183
6897
5467
1254
5989
1922
2455
6424
3528
5303
6530
4606
1889
1633
4288
824
6466
1184
6494
3870
945
1394
1872
5907
6633
2233
5006
904
6864
1618
2035
1377
6616
5750
3693
5778
5427
5236
1328
746
2025
5496
2050
2970
312
2411
1100
4140
2749
3670
2099
1208
6944
4066
1802
1358
6139
2289
366
6697
2771
6890
1649
842
5053
2899
5879
5843
4341
4049
4643
3807
4638
3873
1175
2721
6296
3106
6355
3012
619
1019
6173
6699
3692
4084
4337
6215
627
2406
2322
4058
2596
6640
1528
4230
4527
2509
3398
4842
3498
5882
1094
6376
1375
6724
6471
5471
5242
4632
1256
5712
3439
4247
5128
2785
5042
1464
2244
6209
712
6841
5257
6849
5092
1915
2944
3313
4656
6568
3982
2073
5824
6286
3557
4449
3341
5851
3330
2867
787
5740
999
6033
2715
2589
6483
3967
780
3720
5933
1864
1959
962
1193
2584
1881
3906
1640
6416
2857
5463
3697
2449
2352
1683
4992
5742
4852
3921
5377
6300
3170
4011
6119
6458
6067
829
2519
85
5764
1499
5855
6820
4044
6730
1211
1991
6805
920
3816
6771
2453
640
848
4977
4734
686
6230
5431
4767
3224
4818
1439
925
1274
2823
4780
5981
5181
2886
2636
489
3577
4570
4929
4537
2647
6731
5945
4824
2096
3675
3828
4164
3301
2653
6275
2661
1601
2242
790
5944
6121
4552
4023
2024
769
3676
1699
3423
5081
4932
2875
1418
2277
1596
6250
5182
5918
2990
2981
1323
5301
2961
5774
1178
4022
1616
4709
899
4119
4891
2909
3983
5877
2912
6399
6858
4805
3306
6311
4670
4497
2319
125
2983
6337
120
2055
4646
1926
823
27
3858
5018
4439
1891
1623
6608
5642
5399
4975
6889
1619
100
1238
4774
1137
6716
4993
6049
2325
3717
304
4244
4191
4176
1599
3785
459
2966
3742
3694
6423
3928
112
1715
1697
1705
4745
567
3774
4421
1706
3475
2657
3525
6363
6123
1627
6301
6518
1218
3979
496
1823
5797
606
3671
4399
4026
487
6240
3615
4949
3524
1967
6093
3885
5261
2423
83
3334
1531
2152
4703
3619
3903
6675
4966
1289
4056
900
2481
568
140
4204
1312
5270
4098
2462
6062
3948
6583
235
6558
2164
2898
4053
5025
385
2609
6884
1102
3947
5813
5674
4720
6221
31
404
3138
5133
2831
4725
1209
3923
4811
867
471
1985
1866
6887
4155
580
6850
4751
5957
6163
6548
6642
5030
6065
4159
4819
288
6021
2357
554
6809
5024
4707
967
2937
5857
3777
3929
4078
6870
3236
3797
1658
1308
1712
683
1604
4874
6901
3781
6235
4581
893
6036
968
3214
1135
4845
843
4778
2188
2441
2943
3010
3067
5560
4892
5733
5189
5342
2756
5367
3728
6725
6907
5837
2907
1273
2349
6194
6195
4629
1350
5915
5708
4285
5353
6566
4299
2150
1356
5687
6555
826
700
4395
4663
2582
5395
346
4071
3141
2664
3695
1269
1504
6011
2631
2499
3471
485
1122
1233
965
871
1008
6756
5788
3912
208
3048
4210
599
2236
4575
3358
2895
5862
3821
6928
6565
2766
4005
4669
3520
3970
497
6764
3252
6524
5406
6753
3542
6016
6790
4211
3852
6758
4756
5730
2264
3114
6770
4547
6188
3920
5688
6359
2380
6058
3465
4381
2446
352
1763
4985
2754
2459
1825
5607
28
2241
2468
4391
933
2745
1879
4584
3710
5363
1972
2613
292
3181
4717
5522
5208
4310
6256
2500
2764
1702
29
6720
4809
1591
2268
6191
2060
1642
4965
4048
5138
3248
1067
2189
723
3762
5067
4952
4252
5952
2128
2347
287
1818
5445
1431
3752
4541
1239
2402
2975
2204
6486
5597
4859
6665
3026
5579
5247
4030
2688
3738
2482
2063
2945
1399
3939
1575
4306
360
2389
4466
2814
3118
2559
1751
3200
3222
3156
4728
5976
830
5082
4262
5316
2457
2377
5279
5084
5606
2957
2138
2384
5589
607
2507
1337
2496
3120
1153
1676
5438
2260
6081
1513
286
1954
5075
4483
1562
1707
4330
4870
224
1643
1765
5534
2951
1076
5326
972
1577
4493
3400
5624
369
1371
2838
715
679
970
4437
4823
102
572
3515
4254
2819
3550
1444
3534
2529
5909
738
5433
1053
6079
5595
2194
5398
5165
1359
6644
276
820
4027
1309
3326
5997
3685
469
3460
6767
1272
1293
3723
2929
1376
5157
4631
1675
5086
6624
3812
62
4753
2919
3042
111
5839
907
3660
6943
1913
1442
4240
1935
4494
5999
5619
2052
3357
1943
5348
3833
5783
846
1005
5520
4109
178
5878
3466
4610
2428
6293
18
5641
5083
2611
959
5101
2865
260
976
2056
4514
2012
4792
3633
1620
1483
1389
6990
2846
5812
6312
2494
4336
2005
5866
1827
6727
6134
6361
1567
3611
6043
2618
1237
2608
2658
885
3145
6270
1769
1465
2551
3786
6112
5592
6373
5970
1840
3289
3332
2215
2333
713
2015
2028
4790
822
3284
4694
6917
4815
4621
4376
2291
6294
3462
601
3722
5306
2665
680
6332
2534
1834
2454
5738
6110
6039
3620
2433
1300
706
2196
5098
1689
4618
5537
1507
4377
6873
1937
5903
3342
5388
4208
4004
1338
372
751
2741
6597
3523
3349
4886
1204
4156
3507
825
4322
460
3943
493
785
3157
1849
6529
3868
2812
2605
1367
2842
3894
3228
6891
635
3513
4687
6495
4359
3318
2770
6655
4024
5089
3201
4807
3344
5259
4133
4593
3166
2948
4854
1329
5335
5573
2368
2777
1659
3607
4848
2903
330
4559
2858
3835
1040
2677
6132
1142
6266
2209
259
2623
117
2431
2525
1993
2167
3827
1261
3148
1210
4543
1786
3940
6377
3006
4628
6400
4270
1862
663
4915
605
5435
6505
5410
4814
135
720
863
4960
1115
6462
500
1989
3512
2941
5310
5994
4956
6304
481
3197
797
131
5608
4847
2348
2683
3850
6297
5121
1369
1584
4047
4417
4103
393
115
4350
2564
204
4988
5283
5129
183
6148
4300
4976
523
2171
4420
5103
6351
2506
1853
282
2722
4412
464
3211
1183
1223
4195
3436
5486
1264
387
5884
561
4927
5441
3046
6746
3934
2593
4897
3596
2102
91
4222
2926
5262
3121
2169
4175
6531
3696
4199
982
1404
6574
1653
93
6090
1092
703
6408
2699
649
2558
1189
5492
918
58
1708
5060
3370
3972
2375
6654
5151
105
1031
573
3187
3599
6150
3414
5217
3621
6600
486
4978
4229
6733
5183
532
3176
4382
4760
6793
3961
5470
1755
3791
604
3597
5343
1029
3133
314
5581
3272
4597
2276
5541
4332
1734
4558
6233
1381
3241
2801
975
4392
4348
1277
5872
2019
3749
5677
4893
727
2725
3600
1362
1807
5820
3016
1257
2046
6868
5015
1682
6401
6933
1557
5004
340
5850
5996
5491
4898
447
5041
2526
1288
1664
4162
2718
4260
3178
1803
1732
6909
6712
1768
5122
5317
2066
3706
5481
3308
1201
603
1166
2512
684
1541
5748
4658
3849
1845
2003
6692
1311
5731
1013
4147
3905
4652
543
5521
4504
6825
4317
4786
3068
1520
3267
3896
3266
2928
4150
4839
6536
3861
5853
2621
1655
1395
6910
2923
390
2566
2591
6564
4520
5487
2304
608
315
6144
6438
449
2906
6419
5523
5349
4873
2045
2101
6511
6417
258
2
5466
3811
1502
914
357
5949
4726
6391
1258
6320
3729
4747
6202
4759
5472
5833
2927
5832
4087
3663
4046
2758
6965
2763
6360
3639
877
2884
2932
1613
6660
3959
2533
4680
1981
1558
4051
1978
5130
362
2187
4468
5497
370
5462
3189
988
1663
4563
937
4237
6455
2790
3614
3634
3518
4576
3147
3076
5991
2580
2524
2705
4218
839
5803
3768
1490
2809
4524
1701
429
186
6647
6380
2656
4914
3715
2395
6840
5418
4546
2452
19
750
5685
4731
2839
4093
5027
6538
3238
5351
6691
5095
5840
1857
997
270
6628
2625
2355
4168
4446
5114
2386
4841
626
6704
4279
1057
5197
5859
1463
617
6236
3985
4453
770
6961
1638
6543
2864
4059
6229
4513
1316
211
4795
5045
1900
2655
2365
1124
2769
6904
3747
6251
6140
1063
2091
103
5689
662
5725
3321
5618
6703
535
1946
1603
4661
257
958
2794
5139
3629
4920
6055
6452
881
4120
3480
5269
4714
1192
4312
5172
2776
6444
6223
5565
2118
2712
6196
3481
510
3159
3095
6561
4569
289
1570
771
2089
4203
1544
1611
2247
1902
3295
1046
1671
4445
4685
2474
980
3221
1342
1240
3904
1901
3477
2284
1758
2685
2424
453
931
1775
3088
678
1263
3917
1720
2627
3709
3112
1392
1868
452
6465
2915
6042
4076
6001
6366
3
6768
5880
450
2119
6260
6262
6517
6063
1665
2807
6463
681
4583
3150
3175
4579
472
6607
2237
6578
995
3737
4416
3290
4624
5664
4990
1105
1200
3978
1055
5901
3397
4681
1518
1656
1865
3790
4916
1037
743
4831
5204
4620
4178
2100
2818
3664
2432
1830
6177
6026
4708
6674
2033
1660
6695
6184
5274
6171
6680
4088
3230
275
6813
226
4295
1848
2337
1136
588
4151
5011
3468
6012
4334
334
6089
3908
4169
1873
5923
1436
5245
886
6490
1244
6388
4251
2362
3486
5696
10
5490
1051
2765
5285
4157
4214
6589
2955
1998
2986
6053
847
3209
610
4108
1516
6765
216
4950
1190
2914
4921
2451
394
3338
3881
5792
5280
3164
4813
2523
4662
4941
34
5355
6979
6706
316
2897
2426
1624
2302
4796
6521
4309
3832
1605
2309
3207
4064
2071
5801
3478
6515
6794
3971
364
6610
4911
198
4319
2739
6527
6192
888
3492
426
5722
4472
2706
418
3160
6653
705
3117
2366
5276
2076
6469
1994
4423
92
4757
3299
5753
5198
5170
2960
2249
242
1378
3391
3038
407
1242
6905
3361
6932
5246
4804
2881
2299
5166
3283
3288
6718
2854
1735
789
2039
3451
2105
5324
134
4054
3851
2379
3763
6626
2132
5951
3000
1693
5654
200
2716
4718
1317
2851
3179
4190
6693
5475
1406
6744
1194
4589
14
1987
518
157
3898
889
3678
5142
262
714
1089
5464
2456
5538
1187
5266
4090
5726
4454
2734
2686
2255
6735
3897
3264
365
4040
5874
1750
1354
3473
4362
3215
1759
1614
3199
6145
5383
6562
3411
2221
3459
6690
5964
3409
6931
1690
5858
187
670
2213
2262
4126
4595
5085
5580
6507
5747
213
597
3915
2931
3089
3029
4117
643
3964
3363
2774
4787
6539
517
6663
4129
6967
6027
1235
4953
2036
6368
5767
3273
4207
3364
4779
3331
86
1885
1421
319
6750
4385
6232
3271
1095
6844
4145
6204
1749
1171
1385
1785
611
2009
203
860
1143
4539
6741
5593
3617
3173
1982
3239
318
403
4261
516
2098
402
6303
556
6754
3989
2079
2726
5699
5346
6581
2306
1231
919
344
6052
3927
4704
299
534
5704
2383
2959
6726
695
4599
4592
6779
4908
3576
2245
3606
5827
399
2288
151
1966
4281
2979
928
5953
3958
3155
1984
6207
4868
1387
4981
6650
3104
3368
5766
5574
1887
546
4913
3575
5571
475
2795
6596
3837
1420
3251
4188
4069
5078
3830
6314
6050
895
1666
3194
4039
775
3390
1606
4363
1911
4617
595
194
3233
5684
1287
669
3324
5046
3652
1821
2480
296
4939
4691
6736
3320
6502
3441
6542
6667
1017
5566
729
3801
4528
1417
3078
5763
5721
1678
2371
4917
5000
6783
5734
6671
6289
6606
444
2988
6998
4450
4496
1774
2182
756
3484
1165
1390
6309
155
1127
2110
5867
2147
5250
4036
2211
2760
791
3140
4683
1253
3890
2161
5436
5546
2235
5218
4742
2938
4995
6702
6545
759
6004
2203
3059
2359
4091
6957
3431
3509
3848
1411
2595
4033
2270
5055
5295
2361
864
1466
1747
5413
408
4106
1526
2639
1202
5819
5765
3754
2115
5221
3395
2645
3110
951
3101
1230
6874
4326
3430
515
2487
4974
1052
6450
5009
5345
3045
520
2485
707
197
1428
804
4806
667
6180
1066
2261
1813
6142
4438
1180
5762
1010
4131
2985
2671
5905
1753
4878
1781
4289
4403
6988
363
996
6457
4020
5049
494
3263
1595
3343
5203
6442
1912
6838
285
2129
2301
2704
5563
879
656
1863
2773
167
6572
6302
2461
158
2965
4137
1186
1009
5584
5434
6760
3741
6980
555
6804
1529
6151
961
6045
6728
514
1743
3818
4577
23
6586
5582
6172
3407
4490
6
1217
3568
5710
3216
6759
6816
1572
1574
5542
4556
5852
476
1607
6803
5604
1501
4710
6341
1999
2762
5978
4784
5313
3285
2710
2782
6029
3386
2962
6464
2174
5615
5013
335
4410
456
6976
1859
1992
3963
1839
936
874
2571
3060
4706
6962
4736
4910
774
5817
2360
4135
6162
5002
757
5341
5334
949
2335
3274
152
6802
3784
3583
5062
4008
3413
4003
1334
2891
4588
1429
1833
5169
890
4132
5718
3388
631
4351
4782
6908
1321
3328
179
4776
5093
3632
2911
5692
5998
5168
3966
2922
3624
175
4739
565
3503
4512
3250
1424
3883
5005
2738
6069
1986
3195
2130
1540
966
6991
4970
2978
6482
633
4548
4166
3822
6009
4682
6748
3389
6167
2783
6197
5126
1965
5420
4912
4407
2175
3544
6826
2969
716
2703
6554
5175
4405
1146
5502
3561
3919
1564
3814
3348
1144
3442
3335
773
5863
2388
1161
4452
3846
1283
3647
6398
4467
5599
1365
5724
5404
240
6830
1494
6461
6987
5315
3232
3808
5278
5020
6362
5995
6038
1523
228
1904
5576
6481
3612
6271
347
990
4205
5549
1815
1736
740
3217
940
2346
2844
2935
3024
3532
3804
6206
5559
4482
1368
4622
2650
4810
230
4817
5898
5854
2181
4697
6563
1366
5422
694
4627
2508
3616
4258
2799
427
5284
1511
25
4486
6851
4901
2855
4209
1837
6856
1783
128
267
2735
4771
2387
6906
2437
5500
4440
2963
717
5344
6330
482
231
584
5890
1977
2295
1792
4325
1592
1806
614
3256
3548
3323
2728
5735
6333
4775
6935
442
3734
6489
1006
2338
1852
4390
1336
6166
4436
4701
6845
4639
6740
4519
4906
6914
2133
2689
1696
3206
5706
6056
1581
5099
3226
4469
4050
443
1360
6198
6637
511
5649
6085
3893
4550
2193
3055
3421
3662
2972
691
1576
2581
6476
1569
1074
5756
3403
2231
4213
3300
5889
1265
3721
1530
3302
168
5178
5876
3359
2038
4846
4153
2638
4239
5191
3527
5282
1286
3360
1947
5240
1657
4107
921
5805
40
5350
4822
462
2817
5723
3261
939
4738
1198
3163
1128
6827
817
6734
3081
1597
274
1486
4585
4930
2458
4531
5145
4212
3098
2700
4012
668
249
2092
35
3483
6170
6496
3259
5845
5336
6273
6497
812
5561
6630
5622
2546
1731
760
2791
1132
1617
6375
6946
5679
5603
1662
6948
4900
2210
6080
1695
5751
4888
1073
4141
6295
3102
119
5787
4134
6378
5281
5120
1629
6683
5401
6761
3312
5755
6605
2513
6984
4335
6669
1503
1011
4890
2103
3810
1782
1225
6860
507
1018
4349
3718
4013
1694
6895
4475
2641
642
4241
2220
4943
1521
639
3522
6272
558
5917
4700
598
5790
238
133
2316
1856
2702
6041
3595
731
3938
2324
1661
5105
6306
3100
984
3246
3333
5366
1168
697
6627
4825
6487
3838
4173
1831
508
2143
106
5517
2982
5588
2332
1718
6397
3643
1869
69
5185
1571
339
4025
987
3951
540
4345
4160
4031
5505
328
5273
3346
6422
3116
2889
1914
4686
5743
6356
3933
368
2732
3268
1247
3579
6927
5937
349
3526
6582
1884
1159
1568
1632
3485
3558
2080
2543
1306
5671
6504
2612
6277
2538
5795
2767
2679
5993
6383
1928
225
5920
6212
3008
5698
1533
6268
2229
4461
1983
1035
6673
765
3829
6343
5939
5036
542
2892
5550
1249
777
2678
4883
5789
6182
6886
5484
4099
6313
5387
5786
1278
2719
4478
1330
4471
5510
5930
2467
144
5054
5118
1060
4041
6525
1050
4052
5091
2259
3253
6103
4144
5144
832
3672
1185
5411
3994
2438
2126
4530
876
2088
2904
798
3809
5912
3345
455
484
5066
116
5807
4161
4869
1232
6345
4434
4293
3504
433
309
4094
4323
3474
5556
233
1936
6862
5904
4102
3401
3249
5379
5222
5137
4426
4181
3034
2569
3134
435
6694
954
1403
4640
2331
4369
2047
6352
4021
6645
1787
2358
2806
5476
291
6126
2753
6732
6709
229
6681
4968
4061
5469
5760
3494
2497
4387
5715
3339
6133
4535
5806
5954
894
2397
1878
509
6885
645
1445
4424
333
6954
887
6108
3375
3758
5745
5035
1468
107
4413
227
5096
718
1647
1895
6639
4340
4271
5059
6715
2793
1219
113
4250
1920
6116
4019
1898
1805
2910
4808
3637
1022
3434
1454
758
3099
3761
6837
2792
6824
2378
4614
4918
5967
5633
548
332
2890
1131
5087
6002
1396
2619
5453
2017
5529
859
2281
3415
4223
4884
6743
337
129
6769
5414
5515
5102
266
3907
4331
3965
359
2443
5655
1996
3362
3867
4364
5657
2879
2049
923
4104
6855
4642
5188
5910
3489
2141
6832
3090
3902
5300
5785
6528
1079
2239
4962
1314
4139
1729
653
5455
3467
4007
4633
2385
2930
3836
3220
4826
1423
2848
3276
2971
2592
3759
3124
6161
90
5044
2148
816
615
4654
1361
3223
1746
3039
220
2127
1467
6913
4879
3993
2597
3393
5570
2398
6321
5914
5719
1882
504
6005
4308
5452
4366
5626
6975
2292
786
5038
6267
5900
6791
3877
6500
2364
1363
3878
3315
4986
2607
4534
6992
6264
371
5354
3731
4574
5209
3506
582
6382
6022
5159
1492
2668
3687
1867
6619
5814
4508
2615
3382
4821
6154
4480
3783
1154
6994
6181
63
4816
3417
5267
4987
2813
1241
2586
622
1123
1809
827
5213
2617
6316
3208
6389
4409
498
1556
245
1563
383
375
3744
5131
4748
185
3957
73
2780
3688
1685
6710
6102
6115
623
4280
3154
2908
136
3657
6629
4729
3839
82
4876
811
5977
2344
2768
2861
3020
4690
5205
1719
2578
1446
5022
3604
6632
6903
1836
6344
2190
5894
6415
2392
5043
4316
6413
2434
1157
6593
5717
1082
4518
1340
5390
3146
3493
5695
2505
4128
4185
4311
6010
4138
1458
941
2116
5459
4460
141
1686
4402
536
1425
4580
5225
2323
110
1433
195
1843
414
4130
2600
2517
2303
4082
3453
61
766
519
835
5911
6269
5298
6357
986
6225
1757
51
1270
6588
581
2186
5656
4015
1716
728
5771
4284
6032
4499
3716
3062
813
2953
1347
5156
3496
2422
911
5077
4042
3213
4919
529
5254
1740
5010
1114
1651
5504
71
5061
396
4634
5171
2044
3572
1075
2775
6721
5249
3257
5289
909
6061
3997
438
4861
2797
6739
6346
3995
4196
2415
2123
4328
192
4668
810
6109
306
2254
868
1110
3127
5384
5400
2134
5219
2637
594
317
3296
2013
1229
2192
6925
2172
3410
3444
254
6261
1116
2439
5378
4171
4946
800
6587
1405
4801
4116
4179
3351
4732
4118
3347
4136
5202
2265
2216
1426
4373
30
3469
613
2628
5286
6729
3910
320
950
2810
4216
6498
1344
6315
1199
353
1355
5288
5931
6707
5676
2742
6544
946
1485
2740
5380
3311
4086
779
5499
710
753
1276
1681
5562
1221
3182
379
465
4361
1299
2887
3479
5513
2131
721
5394
2744
5660
4882
6570
3319
2068
1449
5794
3530
5373
2214
2682
4177
5057
4329
6978
6246
6540
5524
2112
5759
3325
6687
5252
4862
478
6977
6879
5186
6135
3788
4783
5478
2199
6387
883
6165
2567
2158
5391
6964
6234
3015
5846
1924
862
2572
1721
6635
2964
591
3990
5776
4206
6287
72
2217
981
5415
892
1096
4626
5757
6491
521
6896
6176
6766
6064
2419
6643
935
6307
6533
6136
3769
3254
3031
1590
4872
4473
5224
1260
4838
1290
6821
4017
6778
5511
3703
4733
3123
5233
2232
1101
5799
454
3396
3640
4187
533
5693
1000
5337
1322
1379
5791
1910
3517
3918
1650
6808
5323
5667
4788
2466
2859
1099
5682
42
1341
397
5179
2652
5808
4625
5906
6649
6445
6178
2635
2503
1226
3603
3353
298
3237
5023
5155
1453
6751
6560
4516
149
6339
3895
4653
5630
1049
878
1942
1016
3126
4833
1854
5071
161
3536
4360
5639
2228
5070
1315
6153
15
1034
3748
5429
4193
3727
1162
4737
6071
2374
960
1930
17
2648
6404
5536
5294
3014
5800
6429
1944
1169
3143
1875
6393
5992
4356
6787
964
5340
3005
3591
5058
2354
3771
722
3998
4799
1612
4798
1148
244
3336
3677
1026
833
4100
5432
3464
1692
1188
963
64
6083
4855
550
3294
927
5961
3540
6535
5177
1266
897
45
6019
2918
253
6835
1248
4339
305
1176
5919
2154
1500
432
6613
6075
5980
5347
3630
5125
4500
6711
1771
1886
2956
3794
2486
1838
5973
4292
79
6390
3278
5076
1383
3819
2973
2885
665
585
4540
6810
3968
5360
4619
3316
4014
3087
5162
148
5416
2310
1931
4616
3447
1549
5498
4557
4276
4997
2836
217
4255
246
6023
6280
2266
3149
4242
1560
4346
1921
3337
3258
6615
451
1945
2999
6441
512
1742
1980
1579
2729
3499
172
5601
2549
6601
2114
726
2548
5881
1007
5072
5127
6237
4623
361
5965
3280
2021
5652
3303
3753
2900
6007
6772
934
146
6550
3448
300
3365
4085
307
6101
2043
2778
2121
2085
4425
2329
2113
2177
3992
1103
1816
5758
3952
3780
4372
2313
3889
2008
57
557
3051
1636
4671
3387
3132
2604
6203
5518
6831
2258
1794
6892
6118
569
181
6612
1770
3545
6122
2573
1351
280
2065
5587
3180
6048
66
1820
3455
6091
237
3298
5309
1295
3053
6688
2659
6190
1412
4744
382
5244
3007
618
5818
5375
5829
609
2620
3074
3648
6433
2724
3151
5784
6224
853
5861
6618
2343
4522
3924
4907
1730
6799
562
430
2256
420
6220
4419
5958
3378
4957
5697
1997
4291
2173
953
4038
2883
4507
6384
5892
5754
3139
6174
6920
1829
4398
4716
1725
3628
547
3578
587
3546
1519
5016
4246
1861
4233
3255
248
4586
2094
5160
2779
6745
955
4463
3638
4476
3825
389
3426
3049
5815
3122
944
202
190
5844
793
1179
5972
1027
616
1206
6817
6328
3452
5050
268
126
1434
1777
2633
5739
3765
4344
3058
5304
6617
1215
3802
6493
2448
5732
1196
436
4542
6959
5056
6819
4511
1679
1415
1280
4935
5040
1080
6470
3243
1479
528
4427
6283
2784
2394
1141
1800
2752
4600
3865
2893
1043
6922
647
4115
4659
6379
2663
2489
6425
1964
6752
2447
295
6099
3429
6795
3796
1003
5707
735
4123
5241
4612
3584
5940
5012
5802
4068
3909
5407
5460
3392
417
4383
4487
2404
3702
4057
2180
646
5272
612
2356
2417
6953
3555
852
1370
1292
6227
1588
264
6930
1670
5439
778
4523
5392
439
5988
4313
3425
1058
2106
2905
3751
6130
303
5226
1343
2862
2868
4198
2901
3800
4551
4909
3322
255
3052
4121
6857
480
3844
2269
1874
5926
6880
3563
6595
6003
2328
2750
1437
6501
2863
5382
6226
284
6129
858
4226
2626
5564
6446
2314
2554
6475
6915
1724
440
6547
2587
4
5389
2054
4470
6428
3553
2340
4503
6631
3854
4605
377
6247
1667
6131
5856
2804
6472
5908
4578
4458
3304
2820
2345
1452
3437
1625
95
4768
4596
3456
1349
2037
6427
1382
1070
2808
2835
2475
380
3443
4485
4097
5147
206
329
4296
2160
4324
2086
6113
4357
1044
4384
6367
5474
2510
1644
6370
6775
1925
4035
1335
3594
2565
38
1737
2464
1320
1847
4028
5703
463
2841
5623
2634
1373
13
3002
6242
2159
3071
1828
4194
423
857
3329
4278
269
6100
1548
1
1804
5594
419
1739
437
4456
6066
4924
5079
4370
1174
6636
2697
4408
3372
3981
6141
6480
6963
5124
2940
1279
84
384
2676
2413
6738
586
68
675
3305
4010
4393
1291
1071
4791
948
4074
2305
583
5163
4895
2501
2058
1294
5003
4077
4794
2772
4648
2282
840
2555
8
2421
6217
2135
1645
559
5409
6076
2435
660
650
1413
5943
2278
5927
5106
2339
3817
4275
4998
6372
6722
969
908
6659
6459
5613
6149
1296
636
4234
4647
5065
6888
6557
6107
2370
6070
5849
345
6047
3461
549
4302
20
4081
6327
3463
896
1480
6999
1228
104
6349
3103
2023
2579
3383
6780
4903
2528
6921
163
6792
2157
2369
1083
6866
6898
576
1808
2603
2430
732
4232
3991
3350
1173
5950
5834
2067
3446
5039
2675
127
342
3369
3719
3203
1553
3876
4741
1156
6814
5691
2952
2222
6591
4428
1648
3535
1539
5796
4587
3404
1048
5640
3590
4307
6468
2020
4180
2535
4263
1790
1639
5385
5508
4712
4228
5371
3888
6054
2601
108
5528
2673
4881
3153
6082
3287
3186
5629
2921
6585
1646
381
6559
3974
4394
6818
4761
974
2016
734
2681
1456
5868
6551
4217
898
6403
421
6478
4148
1227
5227
4386
474
2852
3260
3580
6125
2575
6785
3937
5468
6986
943
247
2084
3040
6258
5811
1509
6763
7
4509
1036
411
6255
2263
5551
5533
6448
4800
4645
4828
4635
2000
5190
2880
4705
3984
2788
5312
3707
182
3770
5575
5645
2097
4867
5610
2947
1032
1512
4582
5628
2561
173
620
1478
3502
6677
1582
2070
2034
3091
1212
3281
3009
5772
1723
3987
625
2816
5825
836
6059
3760
4971
477
1197
6014
922
3900
2856
5158
2477
2687
551
4396
3646
6876
3440
4245
1963
2124
884
4029
2547
1346
1160
358
2163
5290
6800
2542
2781
6186
4253
6940
1139
3739
5503
924
6358
2472
2989
2027
6298
1487
5327
993
6679
4433
5938
3690
4609
336
2212
2223
2761
2974
3914
2849
160
741
3293
1602
4431
3641
3245
3944
199
1538
5332
1580
1764
5567
3433
3292
5749
1172
3922
4644
4202
191
5333
4353
425
1714
3027
1822
2195
2104
3192
869
4630
313
3190
2698
3581
4227
801
3845
164
821
4089
629
3609
6843
3960
3823
1871
4750
2048
5557
2557
5681
4856
2540
6519
2874
4689
737
243
4127
1002
983
3602
3598
2684
2545
2984
5352
1767
4679
4374
3684
4607
2491
2308
5663
273
1056
54
3418
3495
2667
5974
2069
2315
6281
2334
6453
1948
1506
6981
3235
6420
3869
6211
5033
4864
5454
5237
5782
4502
4678
570
3177
3589
4785
2312
834
343
6392
6088
2796
5174
2030
2414
5212
6912
4762
654
2840
5234
2444
841
2201
3385
1108
4352
522
3491
5888
6942
2469
6937
6299
3082
4143
3454
6274
3172
6522
3680
6590
5307
1791
1905
5509
3380
5037
3892
1469
4342
5097
5376
4243
3691
4045
6670
4562
3374
2041
5308
2939
3882
4934
730
3554
4505
1933
5253
5609
4477
6762
2693
4327
6157
322
1004
5235
5135
2515
3314
6374
6117
4526
6097
3531
4264
1514
2117
6436
2629
3244
4124
2822
1745
3063
2162
4379
4758
3820
3445
5823
21
5891
4657
6342
5897
6546
3656
1149
4650
3516
5256
6883
1118
704
6782
3399
2382
1482
1589
3500
2878
6239
2815
2002
1113
745
6786
2805
5483
1091
6335
1461
1929
139
5838
1297
410
1109
1140
3161
3588
1968
395
3105
6018
5447
5924
5875
4766
1979
503
3856
3689
3537
1877
6513
4963
1797
261
338
1573
2714
4608
2610
4529
4365
2747
2146
5143
2991
210
915
6859
2606
1473
174
3932
563
1717
1054
5871
234
3712
416
3735
1958
1906
1551
6742
6956
147
696
4896
6983
1147
6698
5864
6200
1780
5821
1488
5251
1826
621
78
3212
5539
4999
4684
2594
3668
6310
6532
1259
473
6326
271
2087
1952
5450
4441
4192
1841
1585
2363
3377
527
5614
3204
566
3745
5132
5638
5321
3541
3416
5678
77
3084
5291
1112
466
1497
3025
1015
4938
3030
6661
1641
947
2155
1432
3653
1271
4236
1545
176
6924
693
24
4615
754
6625
3019
2285
6334
201
1129
2470
783
3070
1130
2537
1284
6569
3775
6620
4660
4401
5339
1281
6871
4677
794
5479
3874
1489
6993
3128
2520
3072
2283
4465
4411
903
592
4931
2248
553
5668
1028
1941
5192
3064
926
571
5873
6713
5955
2845
26
2993
4772
3533
6861
4926
1459
6046
2751
4603
3142
5141
652
5180
1709
6094
5982
1177
6872
3229
661
2307
1844
6902
3168
2330
6834
5021
311
6168
1191
4265
4474
184
6322
1788
1672
5362
5297
1400
6918
1876
4404
3497
4675
659
6806
2156
74
1062
55
2624
6353
6405
792
5650
4043
4197
4414
866
4488
50
6952
1752
1081
3756
2151
4723
1163
6678
4067
2078
4532
6798
1393
6700
3704
6553
2166
1969
5048
560
6556
4746
4400
3262
1733
5501
5948
5299
461
2230
2902
5602
2442
2720
5305
4448
3065
1090
4451
2290
544
5946
4955
137
1318
5034
5659
752
4354
692
6072
6503
4545
6137
1932
6672
3196
4378
3510
2336
545
5485
4765
3508
2869
80
4032
2294
2342
2483
6044
94
537
3044
4789
1801
4001
97
4122
5746
3627
3666
2412
1883
4347
6968
3023
1939
6828
142
1789
272
634
4674
4948
4183
1020
1416
4555
5116
1064
3773
4857
4991
1364
4544
4305
6111
1111
1578
33
3086
5658
3384
733
4590
4959
637
1793
2425
4272
764
2933
490
1934
1391
2296
3815
5773
4636
1976
5229
1250
3083
1085
1435
5831
3125
6512
1722
4303
4604
3567
3115
2588
3746
2120
6077
2198
5456
541
263
3231
768
6719
3841
873
1927
2062
575
6926
1158
3077
991
5822
3037
4432
6364
326
4533
3782
3490
3570
6114
2527
5793
2095
1498
724
2420
6604
4075
5448
4871
1535
4083
1669
1410
2680
5296
2405
124
2240
1493
5895
2427
578
5488
6651
5531
4802
844
3109
4184
767
1855
3969
2218
4773
1766
3593
4692
2598
5885
6292
772
3651
1440
4601
2502
3309
2516
5646
6923
676
2393
2837
4443
5963
742
6656
150
4688
6950
4273
2051
1565
6648
5553
5675
4693
2992
1784
5088
2954
5094
5231
4994
1811
2649
4591
5370
6865
6395
2418
2925
11
166
4422
3999
4667
3569
2396
6078
2006
5017
831
1631
3750
5932
1908
301
5934
5325
5211
4837
6657
308
1635
1870
2495
6949
2850
3901
1304
4320
5292
3373
2670
628
1216
6219
4937
3930
3798
5402
6971
1471
1205
5271
3171
6614
1047
98
1167
6006
1462
1988
354
818
4722
6646
1181
4863
952
388
5519
3635
6882
6285
2082
5322
4858
2140
564
492
4713
3860
6899
4491
1691
4318
1245
5809
4573
3234
3673
1907
6781
5985
6031
1762
1713
3113
2860
3996
3450
4521
1077
989
6257
2410
3449
3582
4763
2460
3001
2873
5184
814
4430
5201
5709
1975
6723
3130
2577
6941
2646
5530
3608
3834
6839
3432
96
998
1151
744
5620
3521
6087
5627
2251
6284
2713
1637
3565
488
2786
5752
3658
4070
5451
4269
2746
577
1069
3618
5535
3094
6894
3681
2632
1851
4554
5577
3119
2227
2614
3857
1674
3622
162
3240
977
278
2373
5728
5555
6774
4835
1117
3847
6499
2654
6755
6584
701
6911
5356
4843
803
3911
4880
5214
3538
2518
2541
902
5230
290
355
1068
5770
3356
6216
5417
6105
4923
2224
3174
3886
3097
6213
2476
2798
4266
2185
5255
1949
154
3269
6156
448
2870
3317
1443
3402
1388
5621
2142
6434
2833
3946
4567
1301
1001
5781
5074
1380
3327
5506
5338
215
400
6938
6658
2539
4489
5361
3843
6411
1222
6641
3458
3340
6960
3642
784
1668
5405
6000
491
6602
6437
6664
763
912
4777
2532
3714
6682
2300
2272
880
1326
483
48
6214
4114
4125
1899
6705
5585
5328
1252
3840
5369
3111
657
4355
5835
6662
4637
1339
806
6035
5258
2040
1970
5473
3092
4006
6412
1532
3864
5516
5115
4112
2743
4743
1481
708
3698
4980
348
6796
1684
3376
1088
6603
5150
4525
4904
6485
856
2994
808
4820
4793
4553
1527
2669
409
323
6598
4699
2350
2834
4182
1846
5636
2711
6506
6784
4163
5893
5836
5672
3887
2279
1728
5064
5069
5886
4388
579
1680
2109
5358
1303
4735
378
6127
1622
2250
1275
2440
6812
4696
2144
6409
1470
6435
5031
6846
2995
5625
1955
2560
4009
6867
4851
6526
1324
6714
4248
5311
2723
3183
3562
4812
59
6365
2057
4105
3366
2183
2225
6823
6552
978
6205
2967
212
602
118
5713
3866
4321
2552
4754
1909
1325
4111
5990
5148
5632
1894
1940
4594
2521
6155
6276
5631
2317
2399
88
4902
5775
3549
239
3962
4894
2408
552
2811
5223
2207
3859
2197
1357
5210
3438
4072
1953
5543
930
1045
189
4429
3079
1950
3036
3225
5482
5702
4256
1546
283
4724
2184
5847
143
4989
3227
5393
6460
4572
1414
6385
2568
3075
4484
2802
4958
3872
3665
3955
5397
2208
3674
6354
5653
776
5152
3476
596
5947
6592
3636
3169
2409
2644
3574
3793
1021
1243
5449
2622
1061
130
6185
2139
4836
854
5107
5966
6406
5047
2599
5216
736
671
5412
4730
2980
2800
1398
6175
3381
5423
1860
22
5263
4170
2463
2271
4492
3291
171
4940
1561
6467
3057
1971
2896
2074
6473
6432
4964
6439
122
1475
711
6676
6777
4358
1956
1251
4877
5068
6244
6622
4982
2465
3855
4367
916
1515
5969
2011
6381
214
6537
5146
6323
99
1850
3925
3631
3162
5547
3158
1779
4457
2253
1372
6492
5816
2014
6431
3085
1460
6689
6573
4002
1710
6199
1609
5545
479
1384
5532
256
3592
5029
1995
762
6477
5330
2298
2576
855
3730
302
3682
4158
406
5032
2987
1041
3193
3022
3805
5408
664
3165
5896
632
4740
2168
2755
5634
3655
457
2010
169
3018
1524
1203
2977
6015
2327
6789
837
1761
699
5461
5526
5026
2178
2293
5554
4154
1600
3743
5238
2553
4368
3586
4073
5228
3470
6319
4235
1267
4899
3352
6609
4186
6160
297
1810
3003
2478
350
5769
3880
75
3073
5711
5779
749
413
367
3265
3956
2536
739
5590
6024
5320
5956
2803
6189
4972
5111
2287
3564
1893
4282
422
5928
2403
6520
6098
6086
2913
1652
5870
2522
6577
3185
6847
3202
5777
6222
2137
2219
1086
6138
1703
5119
6253
2876
2832
4936
5331
2630
5113
655
241
1097
5635
36
2877
6418
4406
3650
4201
4549
4506
1255
6737
1107
4536
3803
3601
6025
3913
3659
1496
828
891
6084
6440
672
5540
6989
4000
1772
5195
5268
4564
6509
2226
4287
6430
6853
3926
1842
1677
4092
1039
6549
5983
327
2916
53
4101
5869
9
401
2111
434
5426
1484
689
5260
6945
5701
1119
4887
5359
4755
2825
2321
67
5110
5648
221
2326
3613
861
2666
3355
3405
3011
4397
658
5424
6218
4495
6776
3667
6696
6594
1858
4167
2007
4080
3980
3511
5001
2662
682
2640
2320
6652
6717
1748
3427
2530
6852
3713
698
4602
6348
2072
5798
5661
1224
6073
1626
6523
1919
3032
4695
4954
2996
132
43
6179
5465
526
1552
2730
3975
1756
5971
6282
4221
2826
4613
3080
5329
46
5167
6017
3242
2787
6974
4298
6238
1268
3543
2829
2075
2707
6970
2709
4249
6514
5680
3422
5428
5514
5357
145
4415
2824
1407
3428
6474
4515
4189
1741
5960
1138
6951
4016
2490
3764
1835
5140
4889
6013
5883
3061
1897
1409
3505
589
5073
1903
1938
2968
56
5841
6124
1319
3853
218
6169
2243
2872
3733
5761
5196
5921
1170
3776
2391
4257
932
2674
4571
1754
5651
3899
2407
3725
1374
838
5810
3131
44
5248
3406
6686
709
2563
5922
6060
3936
6929
5489
499
2696
3585
4969
6638
1087
4371
5194
1125
3842
910
3826
3069
2479
6241
2694
4037
6254
3973
5662
3041
6621
5063
6143
1386
3093
4651
2736
3799
979
1025
5014
138
1236
495
2556
2691
5887
6599
5051
4096
3424
2064
2026
4951
3879
6128
1332
1104
2202
5700
5830
4418
5572
5828
4983
5477
5637
4304
2042
3013
3700
351
6947
5842
2690
994
4967
5568
2692
1220
6158
4274
3767
1586
1543
3519
6290
1145
2059
1615
5665
761
2081
1207
101
6996
6028
5670
386
666
4973
1727
1150
2888
325
530
2583
4945
4283
1310
4290
807
1505
6104
1121
5386
4455
1126
802
5984
