2000
439
499
1987
613
345
1674
588
1278
58
170
1251
1525
1787
1561
1559
1109
282
1413
789
1494
1441
1659
1320
1206
1855
1000
1492
1763
1395
1444
102
623
1451
361
1373
1884
856
16
505
614
742
1985
1518
1260
1932
1716
1102
362
1434
286
1124
165
178
167
1915
280
411
323
1560
258
1010
1615
706
870
1853
462
876
291
1274
151
1134
1636
1423
1136
1734
1643
1945
31
510
1951
45
63
427
1999
714
39
645
1325
1754
897
1089
131
399
894
1679
898
776
1761
777
161
72
1976
1587
1842
1834
1840
97
105
996
1247
844
1975
1051
643
1410
948
220
207
560
1164
592
22
1053
1304
331
595
1517
772
1989
534
1073
2
1844
487
835
37
1432
1597
1549
24
1236
1821
1496
1118
1880
950
1219
890
1533
597
874
1823
1718
1364
1161
684
1901
313
117
1672
424
1446
924
30
541
712
1076
906
1545
1450
1912
1769
1362
801
397
930
347
62
1885
1596
782
446
719
1392
1928
154
96
409
1937
168
371
938
535
1634
849
453
511
1382
143
806
1942
81
429
700
1873
558
1827
1472
388
1391
84
1244
488
1248
426
1563
768
816
383
1438
1478
1022
1189
636
1092
370
1324
1801
1067
1849
828
1979
1701
1240
41
795
521
666
1887
321
803
1283
908
385
842
1090
1190
775
668
611
1532
262
339
1782
1424
1626
917
854
819
1526
1938
969
210
1552
132
211
606
1904
1416
1106
1082
514
226
23
1654
1721
559
1555
1628
1921
650
241
1562
495
652
1971
75
1165
1323
176
911
867
567
895
179
214
482
314
142
306
1138
1906
1334
278
15
780
1101
813
647
1843
1235
1110
1455
710
747
455
1113
1178
716
947
1791
1683
1004
573
1993
191
310
1128
1160
1531
251
458
104
1703
933
957
1736
261
124
1705
1689
569
1775
1196
971
518
923
1719
289
1826
715
905
576
375
1751
1864
1139
1488
1598
29
1401
340
1568
591
951
199
551
333
718
596
1805
163
1991
809
158
829
1269
1773
231
1796
1723
681
786
926
181
1896
1460
1119
545
1883
1333
1685
546
1622
1027
693
253
269
571
773
267
1851
1512
671
1760
259
654
115
1028
1380
148
956
1591
1047
393
852
690
1271
477
130
1041
1104
1234
1539
1291
359
454
1641
674
1905
494
1220
916
3
1499
376
1049
1822
1295
1327
1458
794
1785
932
1952
878
1595
936
461
305
590
1956
1406
1462
1903
1731
307
624
607
792
882
1147
1301
1828
707
594
469
1894
1519
1594
475
796
1527
522
877
1909
479
13
372
204
679
77
999
369
1635
605
447
1435
202
1669
1997
1123
694
440
1709
1001
1140
1829
629
452
28
1397
744
1789
1501
1892
1576
1728
568
128
1693
1522
709
1431
412
664
945
123
737
1648
444
1305
1544
1583
736
116
46
230
1326
814
838
146
1898
1079
295
578
1030
729
1158
1677
939
367
413
53
384
136
468
1071
1722
235
1809
1541
1867
1482
1493
1702
1806
1038
1317
263
811
1920
1344
888
697
565
472
252
1447
1750
1688
1534
1745
1857
1585
983
18
336
1658
139
600
1040
277
696
1856
892
949
966
564
1547
344
304
1922
1346
1097
352
1465
428
738
1045
118
1275
85
743
831
968
638
405
1174
1315
1540
1691
1284
985
394
1371
1084
580
1103
237
174
463
32
1798
1077
1262
1752
1471
1794
1357
812
678
21
757
1369
365
1214
1452
225
120
642
1498
164
1497
90
40
979
1399
1058
1950
1590
1792
734
1511
805
1375
617
1862
1319
504
698
250
1667
1812
1923
1120
1337
1228
1846
1788
275
107
227
973
1647
1546
1343
633
1412
36
807
519
741
1611
1780
1302
1218
1839
311
1624
1415
1982
1468
1637
1115
1179
1198
507
1613
1965
1850
1720
865
1656
931
1387
14
222
682
297
1057
1990
1759
408
1941
1565
7
49
944
1230
581
610
1953
94
1916
703
787
47
137
1355
665
627
896
1668
1816
683
1453
1530
830
1619
1180
1266
732
626
1804
460
1258
391
1925
1781
528
817
1298
1537
309
484
1223
1288
1684
112
51
1050
1272
1459
1205
1365
1125
228
855
1980
988
1314
1749
188
457
215
1489
1374
1569
1574
246
1037
43
434
337
293
1297
1710
1696
1055
100
1087
1335
1130
1422
1402
355
1339
517
1211
1631
1252
113
1398
312
217
1958
162
1366
800
982
1644
1606
1663
351
1393
1786
970
834
1699
415
1280
1972
728
1229
584
915
73
1577
11
59
1487
1528
1765
1048
506
1044
1086
1328
561
1026
319
1242
1171
1509
1871
1445
1034
20
1377
763
1623
1523
1318
133
266
1807
669
366
1394
25
653
389
1209
125
547
470
529
74
516
603
1340
1299
993
1202
532
390
1711
1485
783
1203
740
1825
1031
1550
1984
711
644
717
841
1739
991
815
1503
1166
9
1586
403
1322
1571
1504
1221
1261
839
1902
701
1961
349
1960
378
466
657
699
284
630
609
373
960
478
538
765
430
1948
364
127
346
1349
946
1908
1934
1618
198
1199
1837
1270
183
141
1385
531
140
1409
1510
315
329
1877
435
1226
402
1017
1521
1421
1524
205
619
442
1755
212
1331
880
525
292
618
1099
171
1054
1002
8
1267
150
185
1949
735
750
832
432
98
974
1080
67
1239
82
1616
1572
78
1259
1673
208
1753
1712
1732
1414
1046
1310
1581
1433
1946
244
1557
1858
1863
1476
1774
1630
1370
1430
54
1610
1757
731
1813
1891
1443
1143
1771
579
1307
875
833
1015
1265
245
232
1964
1940
660
1986
1865
583
1024
524
628
298
508
1706
422
1756
1779
490
810
1390
1093
324
761
791
1878
1273
987
601
26
186
1954
662
431
500
670
589
1542
1681
476
975
330
1820
300
1420
1653
260
1405
512
843
496
1341
110
1612
625
1686
195
824
1513
410
1207
1200
722
533
1869
1313
341
290
35
201
1797
1338
861
317
751
686
1052
10
637
1426
598
1121
19
1081
343
279
685
692
1096
1072
1232
180
296
1172
1790
1290
363
474
1312
1768
501
138
1425
481
827
997
1168
281
858
1384
725
904
1043
1241
160
27
1359
1480
1039
961
1065
958
471
1250
400
1169
871
326
1193
1758
1579
1879
689
1854
187
459
79
1100
1185
1919
1955
1155
38
687
848
1824
1095
1146
691
1464
1588
539
1715
1408
1075
1350
1429
910
808
1481
445
1799
1070
1558
1473
238
989
1770
1627
159
1642
1936
1439
374
247
1368
760
530
523
1013
1815
1225
1461
553
1994
1649
4
327
209
845
1666
754
134
1888
1861
438
1352
556
392
1608
1800
1150
1778
920
621
1035
1777
358
1336
1694
822
1011
784
497
1255
1356
676
1600
942
881
1573
646
1154
726
1116
1697
1767
1830
1766
1329
1474
563
901
984
616
885
287
1808
1347
752
418
1570
695
1818
213
1173
640
1910
990
255
320
555
86
1970
902
953
994
1486
1440
229
437
1505
1245
242
135
748
1060
1929
1935
1217
1282
144
771
995
730
271
1376
467
612
1981
342
122
1819
753
421
850
17
302
166
672
641
1536
1264
549
1664
759
1502
1811
574
396
1614
1889
1876
1700
1064
952
1479
1744
353
1872
520
1292
1016
216
1183
1655
873
1311
1974
1762
1743
1293
1156
887
1032
879
197
308
33
1396
34
655
483
1963
659
586
106
1881
1194
1091
554
1085
1516
1233
1776
234
153
820
774
1793
851
190
1529
1784
1625
1182
527
425
1890
1678
1639
1456
1564
1144
357
70
1914
1662
99
56
224
1400
1021
566
1607
992
537
883
1372
1122
542
847
1014
720
631
1866
318
940
1033
6
119
929
1213
1802
173
1289
585
1003
486
1998
89
1962
1062
1695
473
276
1379
570
632
1609
1238
147
233
1127
884
1692
1152
1933
1126
149
1708
91
87
1208
1388
1204
615
350
1069
1690
1738
1386
550
111
943
1567
758
1507
196
1917
288
69
778
65
1025
593
688
866
1977
781
1832
1733
1783
869
886
1924
1657
622
1129
423
1900
1714
1184
221
95
1735
354
900
420
677
254
1495
1309
1747
1638
872
1886
416
1175
608
1257
1868
1589
914
661
1006
543
1725
386
793
1661
1646
157
480
1966
702
921
239
1145
270
1036
846
1978
1584
1676
891
219
804
76
675
1181
1296
978
1005
767
1814
1378
1601
1996
899
1162
1490
860
1227
821
71
404
182
1713
1931
552
941
635
1212
648
907
64
1652
1066
265
407
745
557
172
1852
620
762
1717
1907
582
1895
1860
1417
1176
272
1803
1660
303
964
1633
360
380
1281
977
575
1197
419
1381
893
61
1983
1520
955
1727
909
739
1009
491
705
862
526
1875
1670
1294
1007
1995
301
840
88
285
109
1604
1263
1870
1602
868
986
1008
101
1841
864
544
733
334
1632
114
316
1538
663
836
981
1575
189
1268
322
889
764
395
980
1506
965
1210
1469
1698
441
1491
1893
348
1351
450
1514
449
790
1682
192
1243
1566
1831
1107
1170
436
972
184
1353
1680
1957
1254
1477
963
1724
398
456
1442
863
1403
755
658
1899
797
401
604
1913
1897
248
206
406
1342
1020
1157
959
503
443
80
1061
656
1847
1419
1508
1383
1188
299
1620
335
1117
826
1237
1939
976
194
723
50
1063
283
724
1671
273
464
1463
1943
1330
639
799
55
1704
1848
599
1135
1222
1303
1056
1153
1968
218
935
1969
1018
356
1279
332
108
998
1059
103
1187
1249
1988
379
1231
68
1437
1105
746
912
1216
1835
1285
177
1817
489
1163
1580
1191
1930
1029
1448
857
1810
704
1726
1306
1707
1360
667
913
1603
1042
602
548
387
1640
1019
274
1729
44
60
651
1838
1256
1742
1300
92
1308
129
328
708
1361
1074
1959
93
680
5
1764
1137
155
1645
448
1918
1098
451
1927
1112
798
1457
465
223
769
240
903
203
1192
818
673
156
928
1068
1
837
83
294
368
381
1795
52
1286
1973
1348
825
1151
1947
1195
540
1404
962
152
1389
1427
1132
859
382
919
1944
1967
12
587
1746
1665
749
1108
1911
1836
577
1186
1554
1629
713
1418
1833
1436
193
1367
338
925
502
1730
1582
1078
1083
492
121
802
853
1500
1148
377
1548
1276
1859
1358
1483
1737
1593
1177
236
1535
325
417
1772
1992
1345
42
1466
1882
1515
1617
1332
1454
1553
145
562
1131
1556
1428
169
1740
1133
1114
268
1845
485
1142
1470
1650
493
433
572
967
57
1277
785
1224
934
927
1141
1592
1111
257
1621
1411
766
756
175
1551
1687
1543
1449
922
954
1926
1605
779
515
1253
498
1675
1363
1599
1023
1321
1407
243
788
1484
1354
1215
1012
1246
414
937
1201
649
1741
1748
200
1467
264
513
1578
1874
66
256
918
536
1287
249
1088
634
1159
823
509
727
721
770
126
1094
48
1475
1167
1149
1316
1651
