9000
4646
4891
4896
3613
4094
4048
6002
8750
1907
1823
6706
1791
6805
1372
674
5433
2867
8643
1211
799
8117
5415
3155
2998
5244
5253
5635
8607
308
1643
7334
8192
4118
7127
2549
289
7976
8878
7665
3642
829
5585
2586
5582
802
452
7030
1418
982
2095
5967
3507
6401
2650
7180
5547
5557
8500
3188
7427
284
4580
5078
3765
3361
8693
7284
2977
4160
1734
513
7261
8585
1545
4063
6137
4315
58
1852
4902
3830
2416
2623
2667
4342
1865
1484
7751
3530
4432
3864
2445
5776
888
775
3421
597
143
3091
5300
1586
656
8733
951
8900
6239
4073
2999
3960
7858
1122
2437
3514
116
8355
247
2402
2755
714
7854
2772
8173
1028
1289
204
5214
6581
3127
8839
4841
3216
8332
8478
4898
3929
380
1091
6778
5939
5290
4690
6679
5159
1467
4008
463
926
4247
59
7156
6680
274
3775
3889
2536
8538
4494
4408
8435
389
8813
251
106
2145
8682
7903
486
3590
2917
6134
5871
6513
4429
2546
4866
2481
4018
3129
506
3675
8615
7520
2975
4599
5862
7626
1601
1077
36
4341
2082
3969
1356
8572
7032
5135
2939
4768
161
2484
51
3706
6822
7649
4520
7718
8614
4857
7100
1133
4110
7643
2339
6477
7295
6746
4304
2845
8211
4239
8208
7252
7204
3232
8948
1352
3058
7002
4672
1644
1251
1271
3134
7916
2518
7310
7037
5823
6955
7533
1929
7409
8295
7393
4204
4637
6350
1930
5854
6666
8156
2470
4384
6598
5968
2642
8414
8928
7022
1049
7899
3820
578
8105
3407
6518
8828
3572
4460
4709
5384
5121
271
1716
820
4585
8925
918
5953
3370
3725
6261
3290
2323
3982
3174
8953
6159
3745
7173
6690
1924
3454
7513
2227
1939
11
8125
8060
3042
3172
2823
8637
8231
1527
985
5155
1946
8001
4699
6411
7354
5293
2746
8107
6968
2764
2928
8764
6218
6818
8610
8954
7631
171
7054
7655
7726
7114
7131
2288
7338
6061
849
5956
7950
7957
3668
8359
3513
7096
4795
8483
3937
8666
5150
6997
4548
4929
5596
4880
5668
6831
3285
532
8837
2590
2644
69
8487
7845
6095
8557
8756
1523
6787
8818
8924
1567
1507
7259
4468
4960
2202
2259
7290
3999
4201
7445
5536
7877
3471
5923
5851
3276
2094
4223
1572
6296
1173
8410
1013
2621
1038
6566
8887
5555
6788
7708
87
5468
5829
6691
1473
5782
3888
2215
3517
3450
7059
763
4398
2061
4907
2745
5799
6652
4754
1279
5545
7713
3529
125
6188
105
8759
3085
8950
264
6407
5716
4959
7187
5133
3855
4933
5136
5942
2431
7662
273
1103
2861
3176
4200
7955
755
4086
5978
8040
6094
7887
1383
2540
1377
8638
6594
1780
7722
5800
2409
7185
3128
2636
1859
8323
4023
4353
5701
5651
8290
2299
7588
1062
1137
628
1219
4310
8366
4878
3103
560
4873
8517
2881
4480
8494
4111
5600
407
5179
4261
8627
7695
112
4652
8516
3098
5754
3797
2936
6516
2838
7650
4495
1846
3465
8352
6294
1730
746
3962
3446
955
5982
7828
6841
7830
3257
3077
2234
3214
4798
6353
4389
7463
7274
3803
8329
447
8250
1150
8277
5947
1849
4486
8912
6724
6175
6502
7101
2684
2944
5053
2775
3771
1921
2159
1303
5306
8684
6172
6215
462
4157
8883
2777
3486
508
502
7584
2026
422
6342
6957
7148
4249
1405
6846
3605
2247
142
949
4317
5446
6019
6208
7973
1471
1837
2036
5153
7922
8763
8134
6193
3227
2544
8119
1455
8776
900
5945
2
6796
6985
5235
8147
2858
5194
3412
3301
5595
2021
1559
8456
4441
4029
339
5029
1551
4553
2613
6179
4376
6073
7703
6211
4385
6980
8970
2598
2393
3636
262
5938
3024
6471
1436
501
4031
1816
3617
3598
336
7945
7175
4822
8691
5755
1064
8526
1454
4984
8561
4651
8111
8421
4087
7254
727
8832
7242
7878
3095
5894
3557
7324
3364
1707
1309
5897
767
8807
5961
662
8854
3018
696
2587
2102
2734
7834
2158
7890
6626
231
7524
5056
4714
4250
7935
3562
3656
3325
6323
2824
4624
7430
4883
3329
2248
2237
2710
6367
4352
4999
4455
8567
7373
2673
5463
8356
7716
2379
3461
8874
3056
6591
8259
5896
455
2156
8016
6919
3892
1934
2511
1199
5256
5066
4676
3
4069
7545
5197
7930
8570
2937
1139
3677
7698
7468
2204
2478
1131
1648
1370
2376
6128
8189
3781
1024
4981
1244
3579
4298
3320
2506
8083
789
4271
5177
6003
2624
8482
471
5274
3082
3674
4993
7152
2890
5378
741
8859
7835
6224
3011
8997
7816
5752
7455
2887
6142
4190
2707
258
4367
7229
5565
4705
7876
1723
4858
2391
7429
5513
6983
967
3231
1692
2087
6640
1126
3097
5258
3758
3005
4678
3894
8307
8269
2388
2311
8575
2443
1809
4221
834
3181
3611
6377
648
433
7536
8987
7592
7415
4490
806
4464
259
2751
1616
1634
2892
3867
8114
7853
4461
3261
3317
4150
386
6298
5699
8713
8802
6558
3107
5638
5093
2272
7813
5810
203
1510
2119
2630
2330
4349
3586
8866
6371
1861
1605
2434
1821
7260
4187
4199
7220
2354
6650
2980
5040
6743
5319
365
7821
6953
3972
4126
1906
2566
7635
5864
5481
5457
5295
7844
7342
1078
5583
4334
298
2350
828
7901
6890
8552
3369
749
2816
2942
2832
872
1409
7424
65
1855
6730
7305
2988
4834
2208
1407
5592
6754
4755
7174
6464
8008
7031
47
2833
3736
2385
1451
916
6557
776
6898
3497
5410
4694
6297
2261
7810
5570
5424
2509
2166
3312
3795
5853
119
1590
2809
8787
6571
2529
1761
4163
7980
6051
859
2634
2220
1521
7073
5757
6383
1155
5191
599
8013
2970
7509
7167
3209
5014
1287
8510
4475
370
1328
942
3040
8240
1820
6561
1104
335
1009
2238
6210
4744
4242
3086
3824
4836
8656
4491
686
5069
3033
2565
7241
6067
5294
1042
871
4782
2464
1065
1804
7286
132
3511
6070
6496
3985
7604
8741
8923
784
8447
5317
890
19
8603
3099
7949
7303
1351
6611
521
3730
6989
5193
4459
7285
1808
6854
209
3655
3015
3957
1945
2753
4964
6167
4785
4973
6605
4140
6459
5907
2485
8387
4053
6603
8536
7085
7846
8851
4211
4425
2654
3123
4863
605
360
2537
2295
8825
1046
6236
5686
6242
4400
2968
896
4042
6345
4734
6327
1118
6674
1247
5166
1273
8967
899
5631
5865
810
8222
207
903
3241
6918
6057
8444
6832
1718
8209
6253
862
7508
7345
6715
5556
390
1079
2099
6624
8737
8588
2668
1072
2331
2780
6947
3852
8005
5584
4050
8100
5106
3644
6855
4469
4693
3583
1822
3919
4021
3483
5750
672
4294
353
8191
5924
3746
238
7809
4320
7757
6248
6765
1105
6434
2214
7923
4706
8783
7399
7653
7764
2846
5828
6066
4176
211
7972
7583
4162
1888
7340
4240
4041
3966
8003
1671
1768
6795
6299
1936
305
7378
4875
5919
7840
7721
210
5416
6075
4333
1947
5634
3406
3991
7050
1379
8498
6267
8363
5187
6950
6864
8314
3222
8200
7484
6945
8941
8029
2733
7998
6102
5206
4682
4887
2758
4484
5542
631
1119
3667
4626
809
1923
6866
959
2218
2577
6897
647
5766
6177
938
7819
6321
1843
621
6499
2336
2693
8770
4443
5239
3623
7778
7137
5277
6531
3538
5753
5223
3690
6927
3093
6183
2084
5360
4147
640
7823
6560
3714
395
3383
1401
3434
897
4988
4383
8584
1023
4982
842
2176
4132
8313
2884
4115
6131
6089
7014
248
4821
5576
3302
3610
5275
74
6700
7110
2250
1957
5763
3841
7608
5252
1607
2915
8746
8337
421
3832
2447
4420
1577
5503
6462
8460
3389
8514
7867
6364
2157
1339
8327
5491
1120
4507
1568
609
4319
7892
6482
7178
3857
7136
8165
5175
2373
483
2381
5988
6619
1381
1256
1316
3392
6404
635
4314
1482
7081
930
4476
556
1283
4602
5213
3297
1573
6280
4558
796
1753
385
2560
3545
7668
3255
1245
6555
459
4592
4184
1658
8158
5224
5006
337
57
76
2110
3800
8671
4080
1400
682
4707
1192
8455
7270
8852
2902
8659
981
2046
18
1089
8598
5641
8841
2690
4181
4793
3131
7611
8390
1125
3601
3829
7211
3924
6363
4225
8320
1004
1193
2983
7728
3224
5359
7937
7556
3612
4116
1235
5336
1515
6259
1189
2660
2514
6413
8850
3339
6359
6092
4035
6609
4472
6842
7624
3839
7812
5402
1899
1307
3940
7147
2216
6039
6740
1282
1778
441
3733
6578
8039
340
2190
3813
4091
8711
191
6655
7781
6409
5912
4391
7343
6470
1629
516
1787
2837
6676
3189
7020
3737
1738
1840
8975
4054
5552
6378
5521
1537
7121
4835
2281
6269
2115
369
7473
4410
7506
5012
2865
3878
5537
1670
610
2273
3031
8698
8531
1569
6088
3045
7396
3880
1000
4802
4967
934
1336
4397
1094
1622
821
4917
7795
8264
7766
7806
4056
5413
808
1560
6519
3195
7224
4789
4440
7715
782
3686
1269
6290
3956
1960
1519
2251
3981
7879
804
1425
6110
8236
86
2940
1603
3012
5528
6182
2814
2108
7523
5914
2848
6322
8309
3484
8418
5760
3654
2812
6153
7304
4997
2712
8438
4331
1678
5903
798
6585
5916
3259
5418
7273
3184
7133
3094
3738
8731
5280
5711
5490
2169
7064
5201
1609
8705
6904
2151
663
3777
1252
5793
2512
6642
8210
7862
6790
443
1599
5271
6648
2264
7925
8196
3524
4766
2150
1826
3659
7919
1325
7363
892
1757
27
8796
7984
6466
886
6465
3182
7253
4487
6941
4533
2451
4603
3595
2517
2752
1210
334
2715
3311
4851
1776
5966
5083
346
145
4976
5181
2857
2781
383
5143
3565
2528
5241
2430
3478
5805
279
8406
6011
3564
250
3246
2749
2706
867
1421
4829
5586
2063
3814
6567
6761
1771
6696
4575
7617
6244
5608
6637
7438
5905
2349
5591
3845
3032
7266
3843
356
7569
6572
3747
6530
6232
2088
56
642
4969
3316
8151
293
6798
5315
4942
3456
4892
8235
7450
5478
579
8827
1254
2649
500
7007
498
5533
523
1667
2428
5291
8976
4784
8942
7605
5408
1867
2420
3453
6122
1106
1984
3027
564
7444
2741
5301
4812
4723
402
6883
7498
1763
947
6747
8443
9
6719
4456
4962
4631
5740
7417
7418
5999
4049
4667
8140
5493
3539
4243
1181
4369
3556
4645
8214
3638
5935
7317
5475
7000
3139
3639
7928
6428
7748
3319
760
7669
2130
7986
6931
1494
7250
8919
7673
6161
5454
7807
6509
2601
2353
2111
2779
5438
1061
2683
2692
7480
6944
4191
8998
604
3437
3136
2167
8181
453
1666
6388
3705
7825
3967
1992
3354
8062
6123
2073
7759
8658
5011
4588
6501
6726
7287
5657
6608
8145
7307
8457
216
5791
2842
2296
4674
8345
5349
2457
2077
1490
4930
3523
5994
5971
2844
1925
6760
5661
3628
6623
4921
6469
6334
7086
882
4543
301
2052
2553
4605
5845
7240
7921
3104
139
2028
2343
8172
7884
8009
1502
6301
7010
6667
8745
3850
5983
7739
3396
5064
5798
6490
4927
5015
1041
3543
2362
3194
5171
8198
7397
20
3568
3482
1178
7384
5835
6885
2081
4471
6722
1713
8346
7530
2604
311
870
2986
5703
6794
3393
1973
2817
761
6468
3774
2163
2033
529
7268
8502
5079
189
2562
6154
6454
1829
2646
150
923
8395
3010
6418
3599
7514
3909
629
6093
2146
5693
1443
8058
6271
1260
2723
5310
7527
2435
2127
6786
4169
3067
1030
8780
3577
410
3458
7112
2637
3743
547
4808
3692
3249
6212
5717
3954
3547
8550
8224
2378
4096
436
2236
557
3535
2307
6043
7428
3206
8677
8723
7733
255
1059
660
2661
8278
707
1056
4658
8742
7804
6320
6536
1032
5088
6582
7437
4497
5115
2254
1656
7355
4564
4903
2695
2313
6784
1793
6936
4938
5090
7320
8180
8748
2398
6977
8310
416
2648
149
7644
5203
3203
494
364
427
6809
3989
6954
4483
7049
8504
8744
2324
2337
7433
6532
4733
536
4980
4307
3148
3563
4446
3491
2909
7243
2235
5619
3191
3521
6659
4411
602
6601
3485
6814
1725
4065
2886
3481
2580
30
5623
3436
5074
1040
4234
6850
1641
644
2496
8740
1365
2071
8729
2891
3729
5779
2054
4724
2258
3502
5430
4419
2785
6109
1218
5447
3756
7977
7277
266
3049
317
6658
2096
8037
2455
186
5261
4897
8830
8663
7141
7499
5886
5788
8779
4551
4986
3367
6943
3687
8624
1584
1742
7195
8609
5210
1736
5031
1866
570
800
1051
3346
3342
4058
8311
7771
2615
2210
1710
4003
1981
3281
7912
5976
3740
4244
6967
54
1669
7594
8167
826
1570
5768
7966
7990
8130
2113
2160
7573
7609
3550
5959
6045
5571
1589
7814
2962
1408
1424
2246
3440
2271
8577
1932
8749
1086
8789
3061
428
6672
5302
708
3600
3672
7346
8692
4654
7308
2957
3233
1184
3748
7511
3375
1786
2805
2908
2880
7811
5535
8185
5579
1444
5442
8786
451
8024
4797
1532
4628
1207
295
4874
3559
1937
429
7099
2472
3959
2351
1892
3932
6419
2990
3122
8017
7203
2687
5358
6071
225
3019
1146
4427
1098
1889
764
268
6660
461
4519
5096
8587
5911
7461
6048
3455
8931
4465
1071
4947
5165
555
3119
6262
7377
6120
1107
5921
7364
4338
5718
3965
1825
8651
6147
7623
2656
2617
7688
855
5663
2182
5520
1797
6779
163
4772
2716
5973
1726
6984
1355
5240
2855
6577
1911
302
4844
3330
4790
1253
5058
5602
1986
687
3846
3516
8621
48
7607
1864
6467
7551
3075
8727
4832
6821
4170
7465
2522
7656
1962
6311
7905
5467
7504
8166
6994
5109
6310
4228
3801
1037
7327
8057
5051
6220
8318
6917
7388
4229
624
5710
4357
4481
7183
4413
5527
5714
8930
786
2663
1592
5934
1595
5004
4412
123
1514
4638
100
2740
1147
571
4670
652
4546
3834
7558
6276
3180
8412
2149
4088
8284
883
5138
4509
373
3718
7489
8079
7824
270
639
1015
865
6127
4286
7932
4124
697
1530
1996
4876
1660
68
8491
3460
5969
711
4604
5698
5411
8324
8372
6768
7645
8155
6424
1893
4207
1249
6584
5163
3808
1555
7697
4136
4430
2392
3113
8873
4758
1904
348
7069
3876
3185
538
5777
7517
4082
2285
1715
4556
8076
6960
6538
643
4796
6478
159
4246
8964
6104
971
7052
2448
5860
5954
2065
719
1689
1217
5257
5948
8929
1546
5666
785
6938
7018
1531
1439
5920
1005
2225
5314
1745
6848
2548
1333
43
3080
1885
3669
245
3266
8201
5749
7591
3201
4696
3157
6250
5984
7767
7140
5095
5230
1792
1769
2914
7777
2759
8377
2992
7068
7058
6336
1895
8137
984
7971
1308
4579
7359
7170
4912
6247
1688
6840
7216
7996
3192
8586
2014
215
5330
253
2883
6639
8785
3376
5784
2510
1392
5307
2228
2325
6101
6252
8974
6384
7619
8973
362
4120
6082
7801
2947
3360
2563
1047
692
1315
4024
7769
272
2979
1508
666
3647
4549
2686
1626
8732
1045
6393
5350
3931
7335
2813
2449
4248
1470
5902
2876
1298
5061
7848
1224
3678
2205
5204
6644
1022
2705
8116
4488
7379
1722
6399
3879
8670
2973
156
712
4002
1144
8524
530
1415
2411
3580
3899
6698
5839
8075
6961
6797
3048
6632
5105
3490
5575
6752
2010
7502
2471
1384
3062
1416
4906
4387
3291
4371
7245
7432
2280
919
8686
7497
8043
2314
2265
909
3779
781
6682
7639
614
2932
2567
5312
7449
5515
1931
6783
2013
1011
8735
6030
5797
7385
3265
1650
3858
2463
6772
2763
2401
5697
5727
2853
5385
1151
7144
1310
5880
8589
3306
1955
6976
5874
974
6727
5041
6381
4512
8562
3693
2803
1382
1562
3854
7311
5847
2912
6266
535
4350
7883
5170
6763
2801
3036
5997
1481
8430
7606
7456
1583
7661
1819
4467
1081
6552
6979
2793
8612
6633
5497
8897
5878
8809
6133
694
7891
1491
996
4619
3046
8127
396
3512
2231
3518
4343
8905
7754
1942
6524
504
4697
2112
8869
5448
4337
5637
6504
6085
5652
6108
113
2859
6237
3681
3928
8985
1177
5339
5495
5062
1985
2818
6487
5396
3621
8225
2229
8032
4274
8762
2291
2564
5437
1977
7974
8547
4854
4102
7900
5122
5174
8343
8704
29
595
4438
710
1462
4855
5387
1332
5957
1540
5502
2679
3885
8450
2438
3893
7918
319
5601
7598
880
7679
4422
5139
4474
4259
6427
2399
7678
7179
2121
4560
543
6372
8617
8424
1662
7782
3645
4985
6899
8286
1827
8722
848
3441
1512
4686
1806
527
374
333
3462
515
6780
6973
954
8354
8426
7163
720
5434
1953
5119
167
5660
4952
3427
4143
7741
5308
5909
8334
432
838
4515
4899
7328
6226
288
3941
2037
2830
7753
3204
7933
4417
6753
8515
2596
8767
6358
8792
7582
8994
8992
7182
2442
7664
6164
7875
4256
1905
1001
4131
6228
7969
2530
6398
5564
5949
1070
6615
7572
1759
8471
6878
5221
6026
7209
2257
7070
3464
5842
454
4195
4078
2524
4975
1227
3179
7808
5309
7459
531
8305
6036
3913
941
6456
8053
8385
8212
8895
3212
8361
1292
1274
1232
2368
4673
3467
904
5169
675
2783
6576
2270
1180
4563
1922
1248
1229
2315
4014
2525
8453
8689
5751
4356
4492
957
2206
1717
297
7275
8025
2526
41
1760
2165
275
5831
8800
7589
7258
6823
6087
1983
236
4713
5739
600
4689
6491
5926
873
6072
4154
7029
4775
7107
8213
5892
6282
4800
8632
6265
1456
4925
6119
7425
5621
2697
1021
8962
7044
3154
6230
2589
2943
5927
1625
7760
833
6295
261
7636
3262
7543
1624
665
5231
910
7483
8368
2467
6286
2638
4403
4330
1691
6781
3983
2124
7128
1505
807
1354
6847
5264
3859
4214
3208
5925
440
7985
1762
6926
6791
724
7666
4657
8064
7541
2024
1191
7169
8376
4448
4708
4290
2044
28
6903
6843
3480
2599
2497
6612
6956
8812
8933
1817
6492
300
6174
1690
6739
6063
8644
2282
2318
876
5445
4001
5524
8822
2776
3264
1614
5414
2370
3533
5696
1412
3711
4007
4361
2515
5322
8052
2769
1025
5789
5856
3827
4210
8870
526
6387
8364
827
1452
2531
4198
8317
3052
8392
3915
4220
7492
6021
2345
7787
466
2043
8019
4882
619
6902
5356
99
6699
5037
6307
6077
3292
7047
5192
6527
5733
8000
641
4213
2136
170
136
514
2359
6197
7684
2141
1434
2810
3809
1774
7337
8218
1767
4437
1702
8321
7441
6037
4299
3825
8299
8699
1685
8537
2555
2144
1182
7023
361
2688
2953
3225
2994
7482
2079
8255
6600
5496
8622
7786
7731
6417
4011
7560
7538
1171
8207
5060
5741
1262
4373
6438
8168
7288
898
4771
4074
2532
5510
5001
8407
7460
2768
908
8543
4625
8110
6569
5357
8048
5328
44
3971
8270
603
4931
2738
5620
2901
4946
7946
3662
4801
5633
4386
1525
3508
8330
8980
5222
7056
5613
5532
2503
322
2341
5354
2728
6446
7562
1012
4870
4745
4325
4161
3388
7898
4932
7546
3074
774
7192
3020
7542
5929
8938
3822
5030
8132
1994
6069
8616
7406
2982
2568
391
2985
4616
7312
2699
7249
6074
7526
6392
4751
4203
3975
3366
4617
3759
7567
6256
5164
3925
3906
3463
3799
1496
2839
4347
4862
3332
2050
2618
7831
66
8892
1393
6568
572
2444
2309
4128
6031
7528
554
6934
3602
8815
2006
467
7124
394
7331
5470
3752
4881
4114
8576
6216
6116
8591
2802
1552
7280
7951
3017
7309
2423
4514
4972
1488
5009
3299
5393
2717
5687
3294
2174
351
684
4726
7773
7279
2139
7226
979
1474
8126
2709
7725
8630
1706
737
6876
8367
5900
5232
705
6217
8995
3230
3457
4382
6076
2091
5993
8730
4174
2969
891
1140
6442
7815
3271
1566
7102
5877
6982
581
5487
3648
1114
8751
5189
525
8913
3196
5085
3429
2016
507
6432
4786
7190
7956
4395
8734
3147
1437
3372
2815
5494
8908
67
8292
6059
7201
7743
1818
5086
1160
331
901
7941
553
906
368
7908
4641
8898
456
2822
8771
3898
3815
1798
3173
6329
4309
5685
1449
229
5266
3696
8880
109
3848
6315
1031
3468
533
5208
3571
6150
5202
3390
6839
8350
5499
2681
6181
6723
1978
4573
5168
4601
4323
4966
492
6939
8139
3190
5707
3282
7997
6038
6091
6949
4828
4505
8619
7375
8984
1394
2184
8513
148
7711
3757
8374
2366
5137
4295
5185
5145
6671
5884
4779
332
2978
3205
490
5815
352
5068
3784
3615
6559
2453
1898
6304
585
6777
8347
8521
8620
1873
8233
75
4823
5794
7674
8033
7874
1343
2371
6829
1647
138
3938
607
7077
3096
4763
7947
5981
6078
2107
6347
3090
1440
6004
4848
5530
77
8325
478
659
2542
8452
4926
7321
8694
1556
7838
3608
8738
6617
6851
4814
7699
7863
7895
3357
7104
8261
2675
2725
6806
6485
3451
7421
6020
6958
5849
8071
6896
8718
6631
7464
1445
6618
2731
80
6586
5353
5843
1659
5512
4773
8425
2561
4168
1286
2662
1183
1880
5901
3522
1417
6933
8829
481
379
6587
3409
8581
327
6235
6124
6379
5196
6597
5646
8760
6001
39
415
8911
726
2132
1209
6009
7215
551
6201
6827
4539
5465
847
8495
7474
5526
1054
8885
6986
8879
4859
235
2767
8966
3469
3200
2410
4038
3337
5975
495
8790
8578
3008
1461
8703
3000
7078
5879
2629
2364
8669
8162
8044
7714
1305
5365
752
4070
7251
6681
175
157
8488
2551
6535
6270
5453
3666
5743
1314
2918
5110
6625
5233
4308
3197
6803
8400
5462
1240
5674
6565
8721
6709
5922
5807
3793
7803
6873
1099
7537
5329
1387
2170
1128
3697
805
3897
4454
2118
2239
7870
115
2213
3836
6528
5792
46
4499
4666
2417
5423
875
1020
623
4838
169
8918
1920
4735
6838
4760
7122
7368
6966
3773
5398
4393
263
3089
3946
6064
2221
6055
6194
6192
5399
153
8556
5477
6922
6510
5443
8275
6629
4415
8301
7157
499
201
8988
1238
8914
1976
4278
6745
6932
4700
8091
7283
7982
3921
3126
392
78
1006
4028
657
3283
3068
2641
1206
5298
8042
743
1965
509
7038
5250
6223
2317
6293
3838
5045
85
3555
8725
4306
7161
8121
2981
7758
3702
1164
7142
7501
1312
82
750
388
23
3115
2773
25
2750
3816
2541
1811
4936
2791
6152
8946
8546
4245
8595
5148
3111
7082
3788
7371
4877
3186
1832
5852
8799
721
2066
349
6717
7841
2945
2614
1073
7964
5439
2631
1486
995
8357
8097
6908
2403
4134
6422
8265
6145
6014
285
477
2787
6251
3751
8910
313
2055
8436
2933
7843
1349
6990
6451
8996
2458
5297
2322
35
5042
5904
3587
6166
3487
7051
885
6497
2889
1132
8958
2223
5764
8479
6685
8466
4113
3581
8068
8959
2252
5610
3633
135
6773
5025
7621
206
8408
924
3688
4650
8949
8273
6643
4224
931
4679
1582
4281
1927
3053
8952
7162
1979
3828
6168
3322
3025
976
4067
2797
654
2989
5505
5893
1281
8891
4567
1642
4280
5376
419
10
618
7640
4364
2143
1868
6620
4375
2626
449
2266
4610
8333
1026
8808
7779
8169
4217
7452
2582
7549
7467
6769
1194
2676
6645
735
3183
2059
4717
1478
2906
497
3411
3161
7323
7024
2358
5123
7762
6312
8432
408
237
4879
3081
3657
2754
3144
355
8059
144
1082
769
6090
2454
8628
6759
3500
1896
6802
3472
5320
7117
6749
2019
296
2875
3866
4945
3034
7707
3133
2171
5658
3670
5670
1694
5895
1143
2293
7730
8002
7164
6106
8871
328
850
8492
6544
3534
1479
5395
1777
5104
7690
6614
6355
2761
7066
3051
6668
3574
7540
6328
6697
1426
2025
819
5140
2811
2152
6191
6891
3768
2137
8623
1214
700
3749
3287
457
3576
2466
6416
8522
7045
939
917
2186
5522
7300
8266
8220
2486
3874
128
4757
1779
5680
176
6084
740
8947
3381
8086
8530
6138
5035
413
5207
221
4368
7113
968
1277
1970
7281
3066
6734
6951
5392
6430
593
1075
1123
4953
196
6356
6054
6870
2301
3578
5243
4752
291
5003
5455
1528
7191
5111
6022
7414
4587
5820
5898
550
583
8983
2919
8768
3609
8028
1176
3284
3760
7612
5269
2047
3591
8279
182
790
5700
2292
5566
4908
8411
6810
1058
5367
1188
367
7571
856
3398
3887
8080
4655
4392
3761
1154
4911
6415
676
645
8378
3849
7001
3755
1538
4457
3305
2701
2533
5684
5951
8459
8351
952
3575
3918
282
2294
4009
7882
7832
3153
1993
4762
234
4344
4284
3210
6421
2275
5018
6865
658
3416
3592
4418
7700
5726
6352
5323
2064
3680
7440
2360
4336
4421
1608
7403
5615
2424
8571
4813
3844
5391
7494
6756
851
220
4
6975
5587
401
2576
5941
6738
5821
3193
2117
3942
2263
2488
5688
3350
912
2571
8626
3135
7205
966
6593
6305
1703
8353
7386
6930
1142
6386
986
4920
1884
5366
4077
4740
3510
7074
8379
573
8070
8237
2298
2173
5695
5787
430
5783
6606
4816
4640
5130
8252
7026
3744
4293
683
4577
5369
7738
3142
1035
8605
7752
1794
7458
6914
8248
5875
4750
5629
1712
7065
7962
4914
517
6906
5618
3336
8982
1773
3187
6987
3750
1511
2389
6707
4026
5781
5218
3313
7926
393
8230
8782
754
3993
8810
6187
4890
7967
7817
1801
6649
2894
1834
8664
5604
3603
7942
4098
7960
2967
8902
7208
3352
4092
7341
4351
2406
722
4653
7577
3865
5813
7271
7413
7839
1278
1487
5979
1870
2072
1974
3202
5588
3709
1684
8386
166
6564
1080
7581
791
6636
2685
1285
668
6221
1700
341
2760
8398
8915
4561
988
3624
5048
1744
879
6678
1741
2462
3417
8936
5724
3536
8104
7267
5129
8747
4288
2056
7361
1432
2007
6202
2045
1807
2877
1069
818
5472
1883
5043
5417
4998
2387
4156
2243
6007
511
7402
2255
4180
5774
5400
2825
2245
188
840
7552
2893
8026
5127
8653
7422
5538
4358
7227
4112
1613
6720
6337
1558
4006
2991
7633
1640
1130
4424
8440
6948
518
5506
8629
839
404
4537
1466
114
4511
180
6291
6776
5705
1327
830
5655
2635
4159
5671
2784
2756
6907
3239
522
6708
3856
1034
7061
3420
6302
5377
825
5599
5152
5027
3038
6543
8969
3498
7431
7404
732
1371
2200
5790
4449
5996
8153
2806
537
2592
3704
541
7475
2762
6702
8434
3160
1423
81
2610
2129
7118
3355
874
4753
8087
8280
4535
1304
1845
7515
5826
4919
3713
3934
6924
5970
133
8715
3826
2289
4978
3371
5097
244
2042
5238
8688
7837
6135
1353
3499
2198
8611
2727
5786
7880
8069
5567
2963
4192
7648
8046
2557
2334
7563
3494
405
8884
2421
1368
3143
4235
5073
8635
5859
2545
7423
1875
4117
3980
4847
2494
5195
3710
8714
8399
1458
1727
1388
7212
6911
6369
6714
1145
7154
2804
1506
5160
7993
8867
7894
7012
4300
3079
1795
4084
4840
4924
3658
8926
185
6406
8775
7601
2547
7547
8283
6449
4994
8160
8806
7218
1542
4739
1403
4399
8294
7578
3721
8574
4825
5617
8462
5669
2620
6915
7886
4267
7522
4683
1635
1522
5182
6799
4886
8041
2570
3997
2041
1621
5237
6189
2694
7794
6701
2852
5841
239
5338
8197
3673
626
4778
1619
8061
7641
5469
5270
1411
418
6318
2305
943
6162
6100
2527
6563
5158
1323
594
6445
575
6604
7727
4943
6500
6711
4571
8909
4269
5034
2425
4593
8781
8676
1043
6348
8519
1878
8007
4643
3735
5639
8242
7555
3156
7720
1547
7135
7888
8262
3649
5304
2950
3871
8136
7859
7642
3573
7296
7387
1216
2607
2847
3404
110
6758
5918
969
3776
2786
8014
1261
5890
902
5318
3378
5451
2002
287
6475
691
5507
417
7729
4257
3310
4572
7820
6858
8489
7302
2974
8668
3833
4130
8288
5734
5744
3399
2450
2155
6319
4401
2083
3248
7805
3150
4787
6199
3474
3288
4043
6508
325
5936
4961
444
2283
3488
5561
4860
4510
4664
8881
894
3386
6824
168
4287
770
2519
2987
6010
3840
3198
2885
2854
3459
6222
310
230
1433
6757
2492
8373
2015
3250
4404
2189
6628
4662
2719
8148
728
989
6065
2030
6373
6314
7446
8534
3365
6000
2504
435
4260
4416
8636
1311
7325
4764
2338
8362
5868
276
921
4374
8640
5251
6816
520
5082
1664
6579
8011
3503
2320
5296
8710
3254
1550
6229
7009
464
7202
4688
4695
1179
768
6130
4681
4864
2126
1266
3895
4183
4934
468
7872
7783
814
5806
1168
7485
2835
8159
5282
8322
5834
8228
5906
3973
4623
1413
5156
815
5305
7691
2609
8968
1187
2183
3984
485
8073
5080
6086
102
4909
3726
1574
505
4923
7356
7143
1709
8847
4152
1265
6285
3272
8469
7046
3245
4022
6308
7395
1135
8154
777
1765
6782
5422
2436
5534
4956
8441
3763
6704
822
8541
2300
8549
8695
6512
6653
3650
2924
212
2483
292
7652
6206
8124
7857
8093
2191
12
5492
3477
8102
3807
5577
411
2498
3652
3289
3071
8857
2700
8223
8696
7
7072
8886
8769
3935
608
8539
5094
1877
1886
3105
915
7177
866
4910
2459
5117
5186
5640
5151
3851
1464
2203
7991
8015
7959
187
5681
7207
3703
3334
1813
1737
1373
2230
1399
3698
2597
6375
1679
7983
6027
5672
1448
4458
1998
7587
4068
2774
6785
5459
1636
1766
1683
6198
3546
4905
7917
5436
5331
7625
4622
5731
5209
1331
5767
7774
4770
265
3916
5479
3812
860
4809
8979
5132
736
1564
733
6762
8405
1915
1693
6281
895
6452
7654
7686
7276
7712
622
7439
8927
8182
5245
1612
1111
8217
2017
4275
7198
8403
7676
223
5816
6068
4983
2114
372
5075
6255
2655
4121
2904
4095
94
7314
7487
2286
5728
6813
2153
670
2219
8932
1321
493
1088
5548
5612
5190
1457
2897
4618
8856
5247
5553
7855
5504
7851
2732
8050
5872
2794
6155
7553
2669
299
3597
1127
4145
1839
1952
927
2479
7055
6494
8339
7016
8766
7954
479
2267
715
7350
5260
5932
3084
7704
4051
7613
5609
6439
8555
1052
7478
3044
6151
2268
5756
7634
6213
4594
323
2226
4013
6099
5607
4005
5809
1203
155
1856
6703
8791
8853
5355
4513
4322
5335
7194
2367
4167
590
6969
1257
7239
7660
412
2619
2377
1092
3585
1785
7685
3028
3385
3452
6881
561
7168
7115
3243
4644
2207
8804
5089
5963
2730
7512
4712
280
1847
2477
2140
8300
2085
4819
2594
6651
8402
787
2480
546
7352
2147
5832
3308
26
8834
439
2027
3326
8989
8226
4846
8893
8675
7749
7618
8678
1050
7723
3318
5278
1367
8903
8843
8971
314
3309
1066
8559
3968
6869
5773
3525
7893
4311
1802
8036
6460
8872
2023
358
7326
1362
884
326
4811
963
7062
765
228
7186
1654
1429
7357
6867
4470
4634
8219
1897
8349
2913
4089
7693
1775
8641
3519
7842
6114
2197
3684
5593
3117
1406
4861
6856
5337
2869
1161
539
158
5955
3627
6376
6836
3422
3790
7139
7079
7318
6241
7200
4668
1991
3646
8599
7025
1317
962
1748
6316
2177
3694
8778
8232
4894
8752
8051
3594
1646
6634
4305
3269
4684
5403
5388
2131
6874
4895
2633
4241
1239
3171
6665
4372
653
2678
6484
7034
1205
4716
8527
4125
5930
1610
4433
7015
1789
6545
7507
8163
7658
71
8448
8203
935
1938
4099
1926
4884
8793
83
1044
681
8816
5262
6200
2369
5738
475
7120
4216
7628
1796
5157
1655
2348
4748
5441
6713
6185
2934
315
1833
5830
482
2921
357
4843
3772
6928
8474
6258
8674
2826
7719
2418
591
3124
2489
1681
7789
8512
7550
4743
3274
7457
3341
1195
4687
568
649
7223
1894
3303
6733
1950
7615
1391
6219
63
246
563
92
8528
5373
8646
650
5431
5162
5390
1719
5021
7298
5435
1468
2782
7391
445
6015
5989
5679
2476
3166
8066
1276
905
3986
3719
964
846
4189
2744
2344
6812
4853
3661
6710
4837
1600
852
1085
1711
6483
920
3995
3211
8649
1048
8594
2930
3764
7398
8446
2507
5128
8393
2240
779
173
2278
7257
7264
3717
7651
8945
3130
8187
3013
8375
1258
637
950
5429
6868
3819
5345
3415
6981
8383
320
7717
1375
2068
3395
8413
3700
5321
4478
2821
7188
7336
1463
8943
8922
1841
4871
219
3933
2798
2193
6718
4568
1561
1116
5554
2742
5819
7358
5216
8112
2954
1378
1908
4370
6292
1824
4302
5081
6278
3625
6245
5052
3347
5327
4194
7339
7332
1288
6458
4431
5855
4105
7080
3903
3304
4037
6016
8505
8315
7442
7405
1699
8341
6766
3438
8085
2040
4901
7006
3277
8135
7471
8035
6453
1167
1696
6083
5531
3218
1995
5333
8150
8916
4555
3780
3327
6474
2698
3402
6852
3014
4885
3910
4721
7746
4538
2952
5363
4867
403
8365
8508
8978
7021
5076
2911
2408
3479
7196
7329
542
7145
7914
480
5560
8065
3234
342
4093
2603
6397
5778
6670
1476
1226
2415
3430
5098
2849
2616
6833
6991
7696
2652
8074
2080
7060
38
3606
1324
8108
6233
8717
1782
2049
7793
7263
5039
8401
8772
6993
8875
6395
3418
8509
4178
1223
2487
5303
5000
6988
6034
999
1302
1980
7315
6616
4277
8149
4550
8765
6687
1157
1361
4394
7171
4266
4970
5279
6647
5289
6268
2076
4346
4606
1858
5421
3996
2427
7780
1029
4282
4377
7176
3100
5974
8545
6017
6800
7802
6136
3379
8817
7125
4849
2075
8344
7576
1447
3569
933
64
8142
803
991
1110
1369
2671
965
3724
2209
7775
5518
4702
6190
5375
8122
6140
646
7448
634
4518
4957
2474
4059
569
6998
1
4893
6580
8888
4313
2502
5539
2628
4406
1503
5775
1148
7247
73
4473
869
5721
1917
5464
1083
4062
4100
5405
7490
8858
8161
6044
22
181
1113
8128
5028
1141
1916
4004
6493
5332
7968
8937
7232
5869
5725
2404
8004
2711
5371
6317
8338
7486
6429
8739
5991
3298
1663
1136
3063
1450
7745
8564
4728
1680
3270
3400
4590
40
7516
4272
2898
7103
3083
3242
8935
3616
5888
8774
7381
633
1520
3059
8038
6112
2211
294
817
5370
6804
6921
5990
1919
4027
5910
2840
3796
6925
6402
5605
1918
3629
1989
3635
7761
3092
6521
448
7705
24
6835
773
2328
5822
7896
4482
7768
2086
5313
3754
7219
2172
4639
8551
4196
7610
1665
3551
8467
4071
8464
8592
8736
1414
6035
5172
7370
5944
8138
1169
6382
6507
4466
7934
7410
183
5653
5803
7763
6515
5965
1750
1728
4987
5324
3442
2168
4255
1997
4865
91
6370
3791
218
3207
4141
1376
6117
6845
7119
6725
4777
3732
3273
4036
4075
8287
8679
8092
3331
6042
8194
7106
2004
1543
2074
7586
1230
2820
3377
7924
3504
4767
4698
7963
1003
2720
1243
3253
887
6
4085
1398
3907
5482
1016
488
7150
6046
3963
2123
7994
4869
178
2395
2034
1200
8569
7913
4502
6105
3070
4749
5742
8047
2677
8726
1602
2361
5101
4607
8098
4463
378
3431
1441
7833
2657
2262
6602
7294
3618
1295
111
4138
2691
226
193
252
4586
3715
4258
7600
8525
4025
2800
4447
3990
7153
7291
484
5812
3683
5940
2495
3570
6005
6481
1524
3789
5590
7940
7365
6107
4175
1653
7116
3945
4366
7221
1844
2611
7596
8253
747
8141
1579
7297
2162
4032
4079
5380
2003
8215
2622
5211
1982
2058
7790
1956
2125
8697
6514
8706
1714
269
4540
8244
636
6178
793
6863
3162
7784
975
638
5691
8540
7360
8506
2105
4339
4057
1322
5347
1754
1517
5292
2765
5047
2949
3891
4462
5594
7689
6920
8427
278
1306
8099
1836
5628
7871
7866
5108
4324
2955
4692
3252
997
7003
2795
4868
2569
2870
303
2067
3527
7230
8296
6808
5745
7979
1087
8454
2941
8654
1784
1186
1017
2602
1335
6157
4559
4738
8803
7233
1402
2321
1165
8177
7519
3699
6910
7477
813
2069
7936
1860
2269
1346
3552
6344
7367
1862
7800
6877
5667
7130
50
2352
4589
160
7330
1948
5124
1190
2726
118
4524
2185
5284
4574
592
7500
1903
5342
3410
4756
197
8190
460
312
5114
2831
8896
8655
5761
434
1231
2882
2303
6871
3566
3116
4536
7348
5236
5458
382
4019
978
4296
2843
1615
7579
4212
2907
6275
3177
3072
1752
5099
3445
6533
17
3950
6750
5361
2888
62
8477
151
7126
4205
7246
5817
7067
4477
3528
5116
4301
4732
366
6880
1518
5573
3679
6912
3006
4915
7159
6736
596
3335
512
4378
5227
8535
4729
5383
6775
5126
6018
5229
4439
4621
2340
2103
3537
2645
1698
7293
1951
2680
7172
1250
3860
5272
4158
8178
1134
2868
4479
4913
5715
2520
6909
7505
3842
1661
3426
6463
6209
7048
6940
8257
1704
5933
6476
154
5840
6505
1751
4805
6495
4297
1611
3424
7033
4703
8096
953
5471
4547
13
7772
1874
174
2976
1731
458
2101
224
8131
5642
5461
1395
2819
2260
6562
3106
8901
2559
97
1090
739
7011
606
8297
8437
7740
7737
1033
1975
7510
6970
2766
8476
7860
5070
576
8206
6486
2116
4060
3520
3976
2829
7313
2222
4451
3495
3506
7756
8243
6959
8186
4704
558
3039
1516
1756
5428
3561
6770
5549
3922
1174
338
3140
2505
2120
6103
5420
7989
1999
8179
5885
5977
1225
6227
2923
8533
4671
8078
8118
2585
4872
6448
7166
3886
6165
4799
6817
8743
6300
4642
7228
3778
2000
450
4810
7847
2501
2926
8754
6742
4020
6306
6390
1294
2499
1213
6041
4365
3175
2578
3168
8940
4363
6716
7039
1652
8247
4097
8944
3060
1036
8193
8590
6894
8285
8055
8463
816
8724
1788
7255
4428
7907
5630
2062
4270
4632
703
4719
1296
6368
6541
8523
3323
2201
1196
7627
1337
7938
6673
4066
1620
1815
893
2771
257
702
524
2098
1284
4263
1093
8157
4379
1944
398
6965
5225
4206
8012
7575
6330
3138
2516
5908
689
1374
8030
34
877
5217
6789
5644
845
1853
836
3542
7071
5720
7881
7574
1485
2534
406
8917
2903
1963
4530
4922
8685
1575
6260
6942
4527
6346
3769
6937
3689
7454
5964
4017
1101
5113
6886
4318
4185
2591
4669
3741
8846
141
534
6537
2703
6859
7256
3037
6425
5432
3425
6503
1472
1949
771
6748
1638
2508
1149
7222
8956
2718
1084
8490
6357
3589
3026
1156
8593
7646
1548
1074
8566
3685
8965
612
3064
7408
6332
1943
2429
6900
4436
3739
3900
2736
2579
6263
1541
1563
7093
473
3240
7372
8835
6638
3152
2799
7544
4971
4146
3728
2414
589
2743
3631
5419
4504
7214
6737
3804
7566
4496
2639
3987
759
2070
2357
6974
2605
3109
7970
4963
7929
7289
5972
2400
7090
1475
1222
7027
858
2078
7856
6488
2543
4613
3671
8397
2005
8018
4627
8171
2386
980
1891
998
2788
5146
8258
7019
4033
745
5857
4321
4730
4493
5737
6607
8990
3368
632
1495
117
2925
3792
2241
1597
588
8204
98
2920
8633
4012
5032
2249
8369
5694
1627
3584
4172
3794
661
613
7272
470
2135
6405
5427
3349
2161
8472
232
6549
6365
8484
582
3817
4227
584
5344
6675
7098
8388
3767
4052
1055
2148
8957
1360
1630
3280
127
1968
823
2748
4826
5334
3137
729
5541
4262
6888
1854
7462
6630
233
3643
7953
1221
6664
7269
4137
7043
101
8563
6457
3766
7087
2995
7616
5107
8648
7075
8777
6033
1347
6156
3226
5254
4030
3908
625
7677
5589
990
1459
3275
630
7416
8034
8010
8672
3401
7008
7864
7453
2922
6529
7539
2284
5219
864
2572
3970
1593
7299
7234
8795
8416
6176
6792
1509
3923
5796
5624
3120
5486
1002
1705
5176
3220
8281
3994
4232
438
8542
1060
2658
2747
8420
7632
286
1268
3821
5125
8442
375
2666
7041
1280
4359
2588
8176
3244
6735
4230
577
8433
2018
6079
6828
3114
6556
1326
3917
1499
1255
3408
8431
2513
5131
7904
6023
8951
5049
8451
3964
489
4521
8758
1465
6669
1682
671
841
1500
8788
4806
1008
88
5246
4423
3021
7181
4765
4452
437
1153
6326
2342
6662
5702
678
3787
4977
2244
3544
3087
7785
5008
5118
5722
2574
4611
5067
6205
4034
3695
7225
1431
6053
889
6391
1964
1668
8419
5824
7366
4612
8647
8681
1805
6523
7036
5425
2164
8144
4179
812
2632
2539
6996
4949
2916
6246
1166
179
3356
5732
3278
7670
3665
8573
6008
1435
3333
4941
1565
7210
2523
3823
5362
1350
6520
6646
3588
2089
1259
5036
3723
6410
4015
5022
5386
3146
3217
7518
8673
5580
7747
7380
7151
4326
2452
3443
4776
6257
4506
7559
4656
2355
8720
8625
716
3676
5092
993
8981
8568
8067
4268
8380
5643
5833
655
6339
6893
6694
1477
6126
5626
5287
8360
5713
5161
5769
4554
1623
7017
2195
4390
8468
2256
3236
8838
3413
7849
6882
4659
1270
8021
2929
496
5147
2863
4562
4951
2346
4396
6338
3078
4362
121
7638
5019
7797
4444
8006
2253
914
267
1674
2104
6118
3047
2961
3448
190
381
344
5394
7920
5962
1536
7447
1901
5173
137
2739
16
7123
1299
1159
2966
6834
177
4253
55
699
1198
8199
992
2653
7657
7160
3712
1290
1649
474
7481
4348
4831
3016
2872
3359
7322
1220
1594
857
3869
6553
7108
1334
8601
4629
7710
2674
1990
3896
6050
3286
2670
3221
6414
8864
4453
4522
6113
7470
977
8205
4747
1489
1272
6325
1876
7231
1591
343
4045
5523
6207
6160
3877
617
487
1242
1651
5401
134
780
4000
256
6277
2109
2276
5873
31
1988
7868
6663
701
937
1909
6498
4332
6013
2419
2841
8429
1109
4148
359
6024
6146
3343
363
4489
3948
6349
5913
1933
5397
1039
7333
1549
37
7709
6688
5220
1571
4252
8174
2329
7374
3882
3783
6380
4144
3348
5544
1422
8833
6455
4581
693
8254
4303
6289
7488
7525
4992
7915
5866
4635
4677
5407
8583
5736
1814
6032
7999
7659
913
5559
7861
214
5057
172
4108
3110
1954
5540
6547
4996
8422
7672
8794
8520
8801
1480
698
2770
6433
5546
4598
2310
6595
7089
7765
5827
772
7873
8371
7496
4995
1758
2834
706
5574
4850
5346
3651
199
5992
3620
1799
4251
3449
5412
8031
3988
7419
5091
1095
6879
922
8404
6148
1100
4954
8342
8088
7451
3805
611
4209
2935
3630
5709
766
5267
5636
540
1972
8282
6588
1724
680
5818
5838
2090
6047
2790
6029
4761
730
2659
4177
5664
5950
2627
734
8690
2356
2422
4720
8934
1291
2412
8634
2053
2606
95
3953
345
1172
330
6288
4529
1348
5863
704
6889
469
6721
5861
5456
2997
6025
6964
8702
5167
316
5887
5748
3870
7084
7217
5759
3492
6394
5485
6661
778
3279
8095
3786
6692
6826
8657
3229
1319
4804
2048
2001
5460
4541
2097
2375
1781
3102
3321
3260
6764
8716
3727
7732
5692
3911
93
2593
2971
8289
5286
1914
3593
3435
5023
6340
8389
6056
4289
8271
1420
7301
5340
8133
3132
7534
5444
4608
53
5372
6461
544
5044
2552
425
7434
5665
90
6420
1359
7796
2009
8602
5016
510
5500
6613
8072
4164
8501
1863
6622
7493
8188
8246
6163
598
3338
3009
3802
4791
751
8554
1529
1246
2851
8394
8
1526
1397
6767
3664
8229
2640
8272
5632
1733
5268
4238
4503
688
8423
424
1163
3069
4055
8511
5708
7369
1697
2696
4680
2277
2383
5678
8518
8239
7344
3247
7647
4633
1102
8894
414
5077
162
6447
1390
3466
3002
4107
1708
2493
5141
8263
580
2689
400
5723
2133
14
7889
2664
5712
4407
713
5998
907
2490
2643
7961
8415
7852
1596
5603
5054
6273
6060
4122
6819
7629
5848
6793
130
6684
3641
3881
6403
4991
7622
932
3930
3626
3998
1686
4691
1910
7798
7630
1453
4718
4979
1162
5084
8960
4498
8291
6887
8340
3978
685
2708
994
5808
2714
4047
52
431
5120
4904
7585
8336
7561
3108
7479
3493
2931
6264
8920
620
1959
8470
2060
7028
7158
2347
165
881
1513
4944
6905
4355
6360
7682
1971
8249
79
5242
2595
6180
7791
1442
783
8445
5883
354
3901
2384
2796
5889
6751
8999
8084
5614
3444
5891
548
7792
7557
6999
7412
5180
6389
8202
8991
3470
4360
3145
6728
5474
3936
4974
1293
3707
8020
1851
2306
5379
7620
8805
6551
6129
1764
8304
2951
8473
4188
4839
4600
3939
4570
3782
5654
4595
5677
4434
738
6240
5154
2672
222
1301
545
8268
4405
758
3169
6892
3178
5598
8382
4435
2382
3831
4663
6583
4182
4746
4609
1345
4958
1604
8493
6435
7597
4990
8582
5288
2390
6860
8963
6875
6450
8129
8848
2302
6935
8184
3057
5351
2612
3373
1363
5606
5033
7667
1587
3003
7987
472
7491
8821
7897
854
3258
8063
2724
8027
4576
4354
1096
1404
3324
107
5611
5529
3549
3141
5449
96
324
4155
8465
8348
7681
1108
8580
108
1068
757
3912
1129
7637
8497
1264
4106
5917
7680
140
1498
725
2142
8899
1749
2138
399
792
2456
3818
5562
6125
1902
3213
4545
8094
7595
7911
3862
7213
4279
2432
3691
6689
6436
8845
2808
8831
6546
8049
4226
2896
2665
4803
6599
4149
8662
377
1838
8876
4939
4675
8961
1419
8877
2394
8680
2011
3974
376
4237
3753
5183
5248
2475
616
3267
5007
8861
4569
2335
5389
283
6489
6158
3167
844
3798
3380
7580
2217
1810
3256
8120
194
3977
7472
1483
7005
2274
7091
709
3770
1204
1446
6006
824
4937
2031
4264
7351
3340
1803
6913
2180
5259
4989
1772
2704
1912
6971
6169
8054
7316
6396
5882
32
240
4630
5103
5801
519
3345
6274
664
4665
8553
5937
5563
2850
7570
89
1585
3414
8499
1987
4292
6610
2224
2856
5814
2304
7401
8331
3567
7939
5283
5212
3101
290
6683
4285
465
3073
2899
6309
5690
3853
2729
1732
667
3382
1170
4500
7995
7353
8123
8022
7770
3439
5706
7687
8660
5995
2039
3428
4103
8428
6686
4649
1344
2828
6872
2154
5404
6916
3532
4741
7129
7306
5017
2187
2910
1389
3295
627
1112
6801
1342
1969
131
2372
49
1967
8081
2212
6341
1887
7829
2134
8784
3403
4736
4660
7931
1201
6895
1740
6184
6830
2651
5689
1318
8972
6853
6243
6590
1380
1330
6225
5234
8596
7236
3701
1124
4916
8381
6861
7197
8719
1241
2625
5144
7040
1493
6366
4531
1598
8814
6062
8485
8023
5525
3328
1275
5771
5452
213
2446
8238
4193
1460
5551
744
8826
1935
7603
1427
6837
3054
1747
8701
8631
7165
7521
6096
3554
3873
4123
5055
7392
4742
4450
5311
2287
3548
651
1657
3300
4852
5915
304
4701
3604
2491
8195
3489
8103
7095
3374
1554
8312
7564
3560
5858
7411
8712
1639
6641
6214
5952
7466
6573
8175
1175
5704
7675
878
442
3307
1208
3515
7836
562
208
124
7383
3837
1746
4900
2792
6204
6331
4557
7053
8544
3035
565
6929
4636
8496
6923
8221
8921
6656
2600
2860
3663
3432
5498
8409
8840
3596
4542
4725
309
7436
6097
1890
4792
7004
6144
6132
6884
3731
7503
2232
6820
4402
2093
6111
7265
7701
549
4781
241
3215
5215
6303
7750
3722
8439
2407
8700
3163
254
8507
3125
3734
5228
8565
5804
8906
1428
3164
84
1341
8811
7149
6149
4414
7382
6080
958
6963
8683
6400
2905
503
6279
6978
2864
6657
8855
1581
7958
7744
5281
5578
5501
1300
794
1770
371
7663
8819
7683
1121
6351
4283
1236
72
5550
5263
329
5581
742
1212
4528
3314
3875
3387
6539
6946
5870
5772
832
4231
2938
8089
6052
2106
1631
4104
3927
2008
1553
5785
911
4335
7735
2122
528
811
2192
7282
6012
277
2092
6771
126
679
7193
2297
8358
5730
4516
5850
6186
1869
202
6862
3720
8417
5747
6811
3158
4737
2326
1735
4774
3170
4501
5059
1743
6361
2333
1504
7614
8256
1533
2029
1739
7706
3949
8146
7238
7469
8328
7827
318
3785
6589
2722
3228
6554
5488
6283
3419
5352
350
61
3920
4061
103
8302
5226
753
7042
2439
8865
7146
3423
3614
3362
1871
6412
7529
2713
3433
4517
8216
5758
242
8234
5543
2866
5063
4133
1628
1338
4566
7426
5662
4928
5480
5381
7094
7548
1386
1842
3159
3476
5013
4329
1233
217
2581
8667
2996
7565
2608
4685
4276
3353
4135
205
4582
3660
762
7235
8579
983
7347
7694
2363
6354
6621
4833
8326
33
1267
164
717
1632
1721
2959
3001
5931
6431
3118
8143
7097
7092
2433
2871
3199
3088
4794
5020
7965
2178
3582
4532
4965
7035
3315
5735
1720
6195
3505
4715
6284
4888
1800
4202
6272
7111
731
5038
2948
4710
2032
5683
4426
3065
5087
695
1673
2319
4578
4445
5511
1263
5514
5316
8608
5844
1501
2179
3501
5719
6732
6374
5675
8842
2469
2199
3363
7702
6825
8298
6423
3810
21
1645
929
8661
4783
6540
2827
6058
3806
2927
2327
8687
1340
7278
7535
8639
4940
5010
1366
586
5746
8303
3868
5558
8709
5276
1430
940
8106
7394
2365
7076
1831
4620
6028
4166
8604
8532
4040
3358
8503
2956
1158
7910
677
4827
7407
7362
5409
3619
3475
3149
6472
8863
5960
147
6115
8481
4820
1928
2538
4788
8993
4731
5958
3979
3251
5509
446
5928
4233
5149
192
4647
1783
8384
8642
4842
6049
6774
1320
2550
5100
748
8824
6693
1618
5647
1410
5943
3632
3890
7692
4526
2100
5649
3405
7788
2873
961
1215
4171
5134
4072
6712
5368
6254
2558
3926
1848
3847
1588
2051
7906
4661
1117
7376
587
198
7885
3540
7420
8335
673
1057
3007
925
1961
5673
4918
4824
1019
5648
3023
8251
2188
2965
2128
2279
6408
4090
8606
4208
7199
1900
1958
4316
1576
476
2057
7988
5946
146
3861
347
6815
2862
7952
4583
8475
4186
972
5198
797
2482
1966
3351
8986
1007
6744
2022
1228
936
6081
3682
7593
4312
3397
5837
8306
2993
6173
1881
6506
1755
5024
5205
6857
2879
122
8267
718
1497
7776
2035
6517
6443
6440
1138
5200
5572
7590
1539
3238
2807
8480
4597
6324
8152
8260
2789
4328
4968
6741
7818
4129
4648
5102
4291
946
6534
2556
8548
8461
8274
4565
8889
6335
7400
6143
4039
3742
4780
552
7319
8101
4265
200
6441
3904
5484
1687
3043
3391
3268
4889
5440
7734
4345
4711
1197
260
7390
8645
4525
3762
152
5473
8164
2380
5072
1879
5986
70
1606
973
4165
6705
8170
2440
306
4552
7134
6542
7902
6040
690
1850
3235
7013
3558
2702
4142
7206
1492
2473
1857
5
4596
7599
281
5656
1940
1535
4584
3473
3029
8396
420
1097
5374
2020
1580
7568
7476
4381
5676
1637
7138
4591
5659
6901
3165
426
1882
5002
7671
7826
615
3151
7531
970
1053
4544
6203
4340
7237
5519
5299
4109
5517
7109
3050
3637
5765
8823
5825
2012
2374
2500
120
4614
567
4218
5273
6522
1941
321
5065
5987
6962
397
5071
8849
8618
7822
4523
1830
7248
6952
1872
7602
669
2175
8755
6525
8391
1544
2181
788
8939
184
1202
6234
8183
3951
3992
5050
1076
3716
3863
6995
3293
4254
6627
5867
2397
7755
7943
1185
4151
7865
3384
3237
5876
5899
2426
1018
6437
1385
4485
6807
1237
3947
8319
1152
5616
7869
956
2895
5650
3640
7978
4215
3952
6473
5026
8113
1115
3884
7742
8082
5597
2465
4101
2396
2521
4153
6548
4948
3447
7948
7981
8757
6695
8529
129
3622
4818
4845
6849
5142
2900
4955
8955
6287
423
1677
7184
4127
8245
5881
3958
5112
3219
5846
6231
6592
4083
6141
3531
6992
6343
243
7262
2461
4722
6570
7724
2196
2960
7349
8045
795
7083
8798
3394
5255
3607
15
227
6480
6170
7992
8977
861
8115
6574
5426
863
2984
5489
3041
7736
4442
2972
3811
104
7389
8613
1027
3526
987
3955
4807
2535
3223
2312
837
1695
3653
4010
5382
4273
4222
6426
4856
3943
2308
3708
6526
5188
7927
4044
6385
835
559
6444
8276
5811
8707
601
8773
8077
8904
945
6511
5795
1329
4081
8308
6635
6844
5569
2242
5625
5627
387
7088
5466
4769
4759
8650
960
5645
2038
2583
409
6596
1835
843
7909
4950
7057
3961
2647
3004
3496
1297
5729
5199
1014
6249
5622
6238
1729
3835
7850
2554
4534
6139
2958
7532
7435
2874
3296
8836
42
7292
5406
5249
6755
1633
5046
5005
5985
8665
8241
2778
5364
8293
1828
8652
4046
8753
5770
4119
4173
8820
491
2290
8090
4197
8708
1790
6196
4508
7132
8316
5476
8109
1672
2233
4727
5325
5802
1067
7189
5178
2441
8862
7495
566
2964
1313
928
1438
801
5682
756
45
2757
1234
6731
2878
3944
7443
5980
7105
6479
5265
5285
7063
3902
1617
6972
3509
4327
1469
868
8600
2836
723
7799
6333
1358
4815
8227
4016
6171
3634
8728
1063
1010
4817
2735
6098
8486
8844
8560
7975
8449
4064
2468
7944
3883
3914
7244
6362
1357
5516
4830
4219
5483
2460
2737
4076
8458
3553
2721
944
831
1396
5343
1701
4380
6677
4409
7155
3112
8860
3344
8558
1578
3055
5568
8797
948
8868
3263
3541
2332
8056
8370
3872
384
5326
1812
6654
2946
574
853
8882
195
8907
2413
3076
5836
5348
6575
3121
4935
3022
8597
4139
6121
6313
5341
4615
2405
5780
2573
4388
7554
1364
2194
1534
60
2584
5450
5508
249
2316
8761
5762
8890
5184
1676
1675
1557
2682
1913
307
6729
2575
3905
6550
3030
4236
