8000
5188
321
1528
5223
5221
2852
342
4504
10
3851
535
4652
5474
7840
3896
7795
3072
1489
2649
3215
5126
519
3515
4990
6563
6767
253
726
1668
6842
5784
2934
7621
1943
6915
2399
4668
6133
4826
3504
2704
7878
1078
2922
3585
5632
1521
7543
5663
5077
3261
4844
2429
7511
2146
7960
891
2293
864
3
1103
3826
3493
1238
6254
6026
3901
7706
1533
2722
625
1626
766
7480
4106
6965
5033
3046
4341
6072
2249
2389
3501
7164
5158
5537
5056
858
1753
4140
1813
356
1209
2409
2384
459
1920
7789
4732
2255
6835
762
6316
7858
3141
4114
6632
4030
4019
1385
6995
2351
6520
1890
2286
3483
5181
4708
5436
3316
3924
5765
4905
3433
3478
5480
711
4564
2848
7990
4108
5712
6712
145
1247
6170
3383
6017
2999
1703
1721
7012
6892
1733
6652
5346
7930
2964
4799
5635
5604
2327
994
7703
7333
2182
448
1806
4874
1455
6902
104
4347
229
4490
5513
61
7265
7814
4134
6826
4092
1329
1336
1748
7667
7387
6578
5805
5352
7162
4139
7544
867
7754
4764
3514
6343
6689
3572
3354
6788
7796
3839
183
2811
3460
2390
6257
1776
6427
5488
129
1902
4338
487
6313
5016
6814
7372
6932
1315
5068
3809
5877
58
4237
4111
3827
7677
573
6012
6078
3882
5185
7485
494
1767
5756
2845
460
5674
5096
6666
6386
6718
7396
502
57
5781
2983
2149
6455
7303
1340
384
3369
3241
470
3542
2015
4249
3820
3734
1141
4118
6410
5702
3462
4576
2008
339
3849
2183
3550
7759
717
7843
2724
2069
6797
372
226
7247
1888
3774
6850
3513
1758
6887
6308
1611
1866
5918
7075
492
7696
1495
1472
6285
4366
7178
930
4246
1747
1822
1343
3832
4384
1299
6080
7421
6301
6030
6641
6207
3315
872
4808
7566
4189
5412
3026
7607
5973
1427
7804
6070
7036
2650
39
4438
1602
3982
6482
7238
4735
1157
5376
2221
5348
7409
806
7312
3971
2194
412
2876
4437
7585
2393
7096
6991
238
2115
5650
4219
1996
555
946
1294
4698
206
220
5575
6688
4155
7995
2332
534
288
4489
838
7327
6780
1997
7910
2123
6839
6359
5112
6138
5693
6147
2628
5355
65
1483
4851
6584
2997
7490
4035
7861
48
7571
3998
1361
6106
3517
2968
7394
1219
7620
3499
1947
1048
7022
4165
5668
2861
5074
7482
822
7724
5265
3675
2533
7350
20
6448
7047
6638
7530
562
2057
5498
233
132
354
6594
4999
1357
4340
4024
232
7615
951
1870
5740
2270
5032
7734
2808
3066
5375
3854
3506
3086
1678
7664
7972
4377
4160
3969
1499
5782
214
4116
1202
4543
5300
3872
4217
4457
2089
3870
7144
4286
1900
2879
2635
3996
1807
71
3951
3844
7656
110
7230
1642
4112
7231
1200
293
2126
5787
2070
647
6905
5209
6459
5268
2506
2880
4258
4603
6558
3536
7897
2316
3364
6376
7095
3443
2915
3278
2438
6765
2696
3038
3720
3815
4292
4660
1693
7042
3862
6140
6492
5992
4133
7112
3218
7742
5058
5178
2231
7420
3188
423
4400
7107
5148
7700
3274
7255
5891
4497
4397
6542
347
5485
4939
332
6433
7880
7991
6928
7310
2190
5716
264
5399
5351
683
6693
3093
7451
7356
7533
4453
684
5952
1134
471
960
3161
5199
5960
6528
6739
2840
2738
4166
6661
3600
2962
6493
5015
3908
2564
2809
1233
4462
7606
3172
1968
635
7651
6527
4762
6746
1608
3583
2952
294
6599
2858
6289
4782
6881
6798
1613
3258
3179
1549
3911
1716
1142
820
608
3348
4838
7460
4109
1094
7856
1047
43
3656
4031
1984
5696
1799
525
1600
6958
5354
1516
1789
6040
1384
7474
1267
1743
1123
7300
5442
6060
7740
4329
1975
6332
2995
7045
4117
7709
1440
1327
2128
3527
1690
2652
4300
3702
644
1746
750
6637
3925
5737
465
1462
7152
5864
6990
7069
4492
2243
396
7712
7422
7762
5762
1084
6236
6973
7030
6499
2745
5180
6319
3788
5135
3228
634
3752
1571
769
5119
1079
5030
4957
278
4841
4470
1398
7695
6634
1450
6673
4609
2979
6326
7283
2800
7895
5766
4666
1817
7849
6425
54
2736
3586
954
6092
2145
7411
2828
3801
5807
2246
1901
1624
1395
6491
1083
4786
1770
2982
6725
6833
7406
7938
2553
2330
1480
1988
4372
7841
197
4159
2658
5989
4766
1182
7507
4098
6795
1685
541
924
2423
4674
1432
1272
6711
3081
374
2437
524
1725
5493
2734
6722
311
1493
4119
2917
2
1805
4788
5856
2244
150
907
2339
161
4263
1069
6244
4373
6615
6151
3497
1934
1589
869
3118
5826
6672
833
4301
1662
1653
5136
7867
2074
5550
6505
3018
5681
607
6885
308
6786
2501
2444
1843
3873
1396
424
2428
44
3607
7502
5874
7908
6132
6056
6782
2291
3328
388
2361
225
4741
5572
2479
3307
1338
4754
3209
2077
3701
1169
2320
1278
1683
6229
1469
5775
1569
1305
6274
4357
3138
1565
675
3463
1160
2297
2445
733
7721
6700
4578
3697
7155
4706
1147
5296
7905
5598
6758
3247
393
990
1865
1365
7659
6714
6880
4730
1607
1745
6101
4925
1935
7955
6311
4638
1042
6398
3573
1161
1447
1766
5278
1860
5586
6470
3102
7524
7006
2207
799
2549
3772
5847
6633
3821
127
46
5738
2527
287
3569
6657
1482
2752
2087
4231
4374
6495
2421
7074
2193
1397
3166
7611
141
4519
140
2129
2598
2514
1451
2469
3746
1709
7226
618
1691
2640
2664
5479
4917
1620
7311
1587
2200
911
6185
2040
324
2687
60
2094
3575
6858
6801
289
1284
4043
3843
5362
6934
4649
2306
6613
5900
3781
3610
4899
6357
7576
4038
3520
663
7881
3039
3249
2595
1109
5069
6071
7403
572
4965
2451
3219
6225
6391
7086
5821
6701
6318
777
6143
1091
4451
7957
2000
6280
3916
2873
483
7786
4209
5731
3386
6555
7121
7357
4810
1990
4120
2782
5153
7111
746
5241
5808
2397
5881
4411
2047
7217
1615
817
4622
6553
1016
1772
7763
6203
3075
5190
2916
1256
976
3342
4996
4040
3320
3887
4305
2088
6181
367
584
3355
7186
6776
4148
4933
4737
2655
7813
871
757
7020
4503
2483
5137
2360
2953
6115
4972
6334
3864
6456
4350
466
2905
3529
385
4464
4007
7686
5163
6531
1311
6774
7799
292
6917
6260
2803
2544
5225
862
5677
1275
3333
2985
2607
4929
1065
303
6636
5231
5025
5571
934
5741
2508
5670
5169
4884
5935
2441
3377
3708
4455
6088
719
6547
5254
6228
6779
2122
3287
5560
137
4822
546
4371
343
4870
4829
4913
213
557
2584
102
6100
3061
4281
2540
6136
7638
2695
2846
3970
1804
7518
6721
7352
3732
196
497
3259
373
5920
7453
4279
4087
1773
4288
530
414
1166
362
7892
41
6102
566
7390
6825
4650
4211
6676
230
3779
1183
2967
7105
7553
6940
3470
7200
5629
5425
6416
4626
5331
4628
5121
1220
4843
893
6085
2931
5872
2114
3611
4680
5389
5676
2347
4306
7951
1276
5951
7455
3360
3689
4778
6663
3192
5842
400
6392
6827
5215
4744
3375
4954
5857
3718
121
909
7257
4817
2391
7374
3947
927
1919
5439
1097
3390
6571
1674
1837
3467
7959
5009
4150
3956
6770
6167
4581
7872
4349
3374
4707
4018
4433
914
1044
1300
3064
3677
2714
1416
6091
4127
543
669
5187
4878
4482
5628
668
4903
4398
5192
768
5647
1831
1923
6366
5170
5996
5168
6312
5214
6645
3339
5777
7252
5888
4196
2083
6815
7061
4520
5220
2941
7809
7395
965
1621
6569
512
5507
6992
7314
5452
6385
7198
1501
2907
6426
1581
2906
4861
5968
203
2789
4849
1938
5643
5359
516
7939
1879
5570
7509
2466
7974
4528
6981
1904
6067
3899
6219
1971
6373
7213
2305
6317
7904
3992
4042
3762
3765
490
5978
3434
1848
1660
3335
4635
3927
1391
884
4918
2410
7214
1794
6791
6573
69
7023
7039
975
1463
4819
5641
3265
3120
3879
5316
3098
2312
3152
7898
5767
1922
2346
1049
1858
5719
4971
281
1882
4716
5023
7316
7048
327
6346
7014
2692
3666
2554
2978
7370
5638
4607
5400
7967
3964
6472
1033
4192
7862
7501
5466
6009
3651
3053
1921
1387
4463
3184
5440
6331
554
7746
3599
3578
5506
1834
2896
6703
5005
3411
4702
3606
5115
3636
5229
5084
90
7601
2430
2191
5120
3503
4434
2486
7368
6789
2294
518
7619
2847
7223
4842
7575
1241
114
4173
7506
636
4509
2732
4723
6468
3397
4001
3698
6859
415
5301
6983
3782
1298
1008
1022
6191
1989
5469
1374
2954
1443
6947
453
5406
6975
5530
9
3776
2632
2639
2862
4467
7822
6884
6235
4516
7591
3025
7859
1313
5387
4987
330
912
628
5373
2436
5404
5923
5573
126
1559
3727
3865
3816
173
7434
1899
7948
597
2161
7259
2343
5349
1345
678
1548
1949
3683
3183
1191
7918
4194
3381
825
6683
164
7249
5584
131
1457
6537
4869
309
3797
2608
1633
3043
5551
6161
5460
4405
7056
5684
7964
4200
4664
4050
243
3798
1697
240
7818
4712
3881
4613
5625
7911
5024
1532
437
4353
4321
1568
4297
5515
2613
4472
1702
2528
1815
5688
5295
4317
2552
7447
7894
4177
1651
4920
5919
2119
420
527
4539
3037
6437
6678
4048
7514
5879
6619
795
7207
5981
1857
2865
1046
3092
6707
5444
4624
2546
1326
3757
4889
3567
6938
4780
2750
5969
1829
881
1759
5080
181
7087
7302
629
2203
2056
1041
3492
3303
4976
5722
2427
6015
3115
5836
5065
6828
7341
1783
267
2678
4747
5237
4670
5942
3012
6897
3145
2943
7301
7568
5197
4309
5941
1632
3308
348
7652
6165
7040
2265
3967
2950
7713
6639
6172
870
1485
1283
7645
2170
2023
1825
3680
7468
6118
6733
998
7346
2569
1449
4981
950
5707
2034
1140
7003
432
590
1494
7828
3270
5116
6245
5583
133
1983
5601
712
2823
5014
3472
3126
2495
1296
2041
4355
5622
7999
6411
583
7985
2793
7557
1844
4882
1236
2762
7057
4876
3842
2048
2919
2867
7781
2209
1318
3943
6792
4948
7834
2496
5898
4665
2450
5851
182
3221
952
4973
6417
6340
2754
5098
2886
759
2698
6046
4924
360
1707
3852
4896
5581
3632
2105
7182
2892
351
7914
7525
4962
1500
775
7848
936
3650
567
5368
3818
7118
2322
430
6806
7642
4883
2653
7922
365
2523
5146
2478
5152
5823
6630
6039
3934
6380
7581
2547
7988
875
789
1925
3199
5605
2198
128
5667
4156
7499
7743
1407
2349
3130
6976
2076
2609
4083
5468
2201
7408
7168
5697
4085
5839
3930
1658
5193
7043
1851
217
4221
7662
599
370
6523
4450
5959
6199
4548
1556
5267
7364
4311
1388
7915
452
6643
3868
6961
6919
4556
3314
1681
1204
2860
2802
2529
5568
469
1335
6926
5008
5883
5937
3898
1514
5563
815
5902
6362
4734
698
637
5046
641
3368
6052
6368
4743
7545
1869
7386
913
4153
2217
4784
785
6404
3231
5088
2333
5595
5764
112
4614
2408
1260
831
5043
6759
5175
7445
1591
1941
3989
4380
2358
1063
7950
2894
4187
7150
7323
5165
5897
6126
783
2742
1787
4203
1002
19
7062
6727
5654
577
6592
4225
1359
319
2382
7466
6959
1680
1597
5207
7436
1119
3164
2758
895
6680
2996
4129
2065
1409
3027
2571
2174
1647
5142
1163
4629
1722
1960
6743
1512
756
1176
3642
4418
3751
7141
752
4888
5459
5723
1280
7013
4926
1323
258
70
5217
4673
1830
7272
1328
7345
2095
3800
5263
594
7148
175
2716
611
2268
52
7081
3268
6299
5287
6694
4604
6159
2337
7340
5701
1081
7133
3239
7082
1477
4644
3758
2981
1029
7441
361
7917
1782
2727
5535
3913
1085
5472
1994
2134
6019
4968
2538
1627
4669
159
2189
1732
4128
3454
1488
1760
3836
3181
1639
3363
1268
3805
7634
1475
4074
3317
3003
6953
5326
7941
3910
3296
2414
107
4100
352
1308
3884
2908
7328
7269
1698
4683
4158
3101
2660
3193
4571
2659
1010
2440
1609
5319
1779
7966
3238
5035
6556
5715
1086
7131
1580
4136
2575
5627
1706
1377
5367
5428
2572
6878
3125
5314
256
2368
6323
1389
5011
6341
6717
4410
1699
5036
300
5248
4250
856
1095
6561
6697
6849
6156
720
1111
4266
5599
6130
7407
2651
5173
3357
3742
7376
2897
7940
109
4553
1918
7815
2233
552
598
1630
809
7034
5309
3480
3341
6451
798
5867
6924
5282
4032
4775
3305
6908
1864
7339
3304
18
1564
3726
7183
3512
3155
2701
6804
3869
578
3808
1735
4684
6589
4176
7599
3067
4460
1324
7775
4252
5419
4931
4352
5912
4198
528
6783
5072
1715
7025
3761
4363
2456
840
6192
1708
1025
2472
4362
249
7335
2702
2163
6469
3464
3488
645
796
3078
2645
4476
4590
3914
6535
6122
2411
1337
4616
639
6360
5664
6865
5623
3353
523
5269
3627
2641
6401
7083
1237
2548
5617
1378
7572
5786
4655
3566
654
4608
1828
3165
6305
5964
4853
2776
7810
2875
723
5266
2902
5624
2603
5405
5026
4235
6065
6997
2460
6864
937
4295
6403
1852
5253
6952
268
488
7472
2725
27
3649
7161
5652
1306
7338
2975
3682
3657
4270
53
1596
925
7304
504
6667
2788
7567
7279
108
4057
2542
3446
4027
7956
2153
6586
4546
6423
5138
7185
5344
4942
5410
3721
2558
3546
2779
1151
4952
2003
3587
2405
4541
1788
29
2127
2841
4700
7889
581
1906
3935
6004
2720
4623
4251
6099
7377
5103
7009
760
7554
2818
4167
6907
6171
2749
7913
3588
5815
2851
6270
3845
6972
3340
6805
3681
1259
4315
4201
4033
6591
4755
7330
5979
1945
2261
4848
5414
314
2566
4518
2398
725
7825
3487
5528
6494
7725
4773
2746
7624
505
6738
5216
3418
7362
5196
2599
2912
4242
6580
3135
3625
280
6075
564
1726
4447
7444
6255
962
2050
7962
1656
2966
1186
7094
378
3635
1570
5417
5044
4533
5407
3220
3551
5977
4000
1212
6169
4974
1522
111
7494
722
7629
3991
6812
5275
6409
6911
4253
1446
7920
4749
2513
6532
2970
7446
972
5845
4998
4162
2869
1088
4029
6063
3254
4054
135
7331
4505
2677
7800
5108
1677
3838
6549
3387
7971
958
7452
1153
4815
4921
3266
7399
7753
7110
1132
6820
2199
2822
7766
5162
4563
6834
7853
2735
3738
4562
3285
866
5330
7919
5332
4640
551
5936
7448
2300
6942
4132
1757
3132
4514
6704
7522
3047
7163
6246
2067
315
5000
5147
5929
772
5113
1264
2796
2510
2029
7029
5500
508
7559
7790
5274
416
3655
3694
3022
3262
221
6028
4394
7628
6234
3442
2644
1019
2138
2871
5744
6971
5145
1304
1341
5917
3122
2432
1145
318
4115
1240
4656
3337
5276
6394
6564
5873
2755
2435
658
5906
6081
3957
3286
1649
162
1228
2872
4661
6787
6413
2037
1001
3240
713
1930
5261
4770
4409
4278
1965
3767
4402
5420
6895
2545
7546
1100
1307
86
6263
5675
5134
6302
3450
1139
4536
4742
7675
956
7537
4257
6350
1373
2673
1148
4682
3686
5614
7618
4388
690
4752
851
4679
3409
3080
1793
1752
7663
7527
4911
6796
6467
3507
5281
5620
6193
3250
999
7289
2688
506
957
5240
6490
326
4407
3059
4910
7051
1628
3103
2418
2499
6153
6190
7936
4080
4510
7053
846
7561
7661
6396
5545
4757
6125
5653
5778
4824
2728
1957
2849
2763
7953
394
7076
3273
3195
1168
138
2991
6013
803
7708
3630
4631
7782
6018
2236
64
6647
709
1271
3065
2213
403
5582
1349
4525
7854
5249
7145
7757
6112
4570
7805
5110
5944
2842
4685
2592
36
3289
7969
5166
6618
1903
2491
977
1798
7104
2614
1953
1057
2656
1089
1170
7730
4677
681
3891
1223
3714
7819
2833
1417
5776
2216
4713
765
2310
3608
4360
7125
239
3771
7481
3749
7461
450
4531
5733
4715
4964
4382
3205
2780
4728
4823
2718
246
1077
997
3060
4512
4596
3564
3946
4724
3351
3415
1713
2258
6408
3741
6279
7384
380
7358
7308
1470
2426
67
4011
4621
6157
7173
6300
2570
6431
4344
1802
3931
4692
2454
63
7935
7419
6224
74
6873
1526
4055
144
2587
7236
827
3669
2774
5449
7159
2027
6702
7228
1030
968
5710
3685
2124
1364
406
2024
7644
151
2797
5770
5871
3684
2446
3356
1676
5600
2468
2531
1666
2921
4579
7287
3609
1221
25
6412
1431
4265
1987
1270
2245
5325
6898
3056
886
7478
5538
5415
2007
2101
517
7142
3281
451
4412
5896
6321
574
651
5224
3436
461
2576
2350
2139
1847
4687
7531
2657
6568
6232
1355
2376
4016
7927
464
5783
5324
7227
2944
1803
2026
2125
3834
2926
4442
1682
92
3722
3178
212
7573
4345
7489
5392
6687
7623
2345
2204
2100
5002
2885
4676
333
2121
4718
40
5343
7496
2137
7078
7237
6282
2178
3283
4979
3230
5122
3439
4816
1946
1408
6554
1508
2965
7877
5797
2111
3242
738
4396
4090
716
4852
5334
1599
1936
4618
826
26
4351
6987
1232
3452
6148
4569
6706
5655
685
7092
2449
194
4310
7741
5381
6258
6692
4441
570
6903
1896
6621
4980
7560
773
2234
6925
4424
5536
4314
6453
274
1486
1845
6014
813
3170
5018
2783
6867
2821
5034
7500
6016
676
1981
6698
1880
7261
2173
5585
1344
928
187
6960
3343
2993
835
5553
7115
4500
6486
4261
1129
5525
5718
7794
5109
6353
7137
2583
1180
7890
6428
4359
2888
4963
6348
4072
4325
6483
1474
4440
6861
5567
455
2010
3413
7847
5619
7745
6117
6918
3227
973
4740
7593
7250
2874
609
3157
73
7189
3580
4275
3083
2792
5534
7381
7158
6757
7807
148
3189
7011
1718
3652
2117
1962
4456
6560
2017
3847
261
5612
3073
6240
7699
3975
4545
5427
5658
5270
7528
7569
6894
2081
2011
7233
6822
284
6043
1550
3794
1143
1203
5773
6337
3994
4643
5495
7831
1382
4164
6920
2707
6742
1543
5630
4891
3654
1208
1823
4636
5083
397
4452
3106
1670
4542
3159
2596
5690
2404
6342
1023
5403
6681
193
5496
7248
2082
6794
5829
6832
657
1956
3616
3766
5876
6536
1249
7596
522
967
3979
1917
5948
3388
6565
7016
6352
6076
59
5012
3222
2515
3292
5238
2679
7135
3361
1368
3030
4897
1497
2133
5689
1863
5311
1643
5211
7174
6635
5445
2960
1098
4801
6489
5588
6500
101
7980
496
4370
4862
4967
3257
4086
7153
2386
5222
7298
1574
2474
2118
6202
5505
992
810
5982
3645
5695
1780
7398
4364
5840
5930
4642
4403
980
5592
7926
5860
2820
7692
5662
1158
7241
4561
2152
1380
395
7058
2972
6616
5245
3232
6923
3334
5252
7783
1277
5490
2262
1961
6127
5925
3212
171
2141
1353
3485
7004
2933
7458
649
2963
473
4667
7602
2939
4013
3313
5980
7682
1070
7157
3196
4084
2242
6173
3104
7143
5562
5634
1136
6888
4927
4218
5721
7169
7412
5995
7063
5341
7747
5940
31
1577
6435
6773
2147
7711
5771
1496
6242
7271
3424
5313
818
986
1031
1505
7108
6329
5759
2717
2882
4274
7646
671
582
3297
2452
6381
3236
1332
158
5729
3223
7733
4294
7491
3963
6811
3620
6027
335
874
563
6325
7319
2520
1075
456
7389
6032
7577
680
2881
1977
2018
1583
2292
5865
6583
6685
6356
3426
2420
4151
4605
3414
1411
4936
4588
1154
4860
4495
596
5481
1739
2713
804
688
5039
3119
3532
5195
850
5111
4703
4877
603
1376
5292
1762
6585
4975
3017
3011
5631
6510
4233
4758
6735
7673
5994
2492
3009
170
6660
2777
4247
199
7307
1061
5413
1144
411
1101
4496
6921
7299
4502
3134
5542
5167
4880
6374
7550
7780
7000
4181
5752
3508
7983
3197
1124
5852
3584
3147
744
4213
1181
5004
1096
2971
3622
5597
5984
7044
6904
139
4552
5603
2013
299
7244
5825
7437
3871
3647
1742
3298
837
5338
6205
7191
2187
3571
4600
6086
7942
2417
247
7921
5837
7887
7258
1838
1351
4602
6477
1126
4943
7385
1503
3785
1775
2798
2471
3725
1020
5315
5621
5423
5735
1367
13
3802
4950
3422
6823
235
779
106
152
4951
4606
2705
2878
3538
3099
1950
338
700
5097
2266
3724
2812
371
2462
3471
3547
3338
186
1492
7113
1004
3786
615
5541
4779
2071
1686
2502
4428
2104
3637
740
345
6846
7650
2005
1412
4572
4795
389
503
5205
3058
797
5288
7388
650
931
4049
4681
764
4316
3695
5705
7175
7512
5125
5524
5607
5388
3097
6294
6768
2289
7100
28
1413
477
3045
677
984
5164
7126
6929
780
1714
4803
2192
2247
2489
4691
6819
472
3382
7462
7520
2772
1390
296
4420
4304
5441
933
1465
3251
1
7836
1563
905
612
5974
6471
4535
4207
1402
3049
3966
7367
3919
5430
1293
4573
3597
1356
2325
7785
481
5322
6879
1504
4934
4122
5307
6322
5801
887
4169
2416
2365
3085
3371
7032
4005
5904
1978
4303
3819
3673
3516
4273
5831
3096
6906
4229
5838
520
95
6276
7970
5855
237
6631
3559
2135
66
4069
5060
1246
5555
2855
5067
7933
124
7080
4984
7632
5609
4620
5271
5809
805
2493
3395
600
7719
5934
5915
4916
1614
5501
6526
5949
2106
1386
6610
5747
1467
382
7281
6980
4478
2591
2790
2253
3906
2924
4807
1684
6163
2020
6602
462
1650
4630
6752
6576
2364
7493
5938
7802
5184
7851
6912
4425
1456
706
6335
5532
6414
1585
7710
3928
3185
2282
1731
6996
6948
5050
7209
3860
691
7206
7492
3237
3412
6243
667
673
6937
6444
6139
5998
413
172
4494
4577
2035
6241
2611
3915
4914
1751
4236
6910
3999
255
5172
4058
3704
915
2315
3706
6005
2676
5656
4091
6748
4135
4260
2052
7806
5206
1279
751
439
248
4805
6247
1625
3644
1068
2366
15
3263
6074
1784
7947
6778
3306
1263
2854
5673
4721
5286
2260
7865
5683
1924
3760
4121
2434
479
4800
316
1551
4597
5626
2241
7089
6314
4997
6478
7033
1392
2574
5090
5868
1750
6114
6320
748
1173
985
2165
6390
1765
7613
4184
2807
2055
116
6548
7073
7114
1859
4632
2729
6802
793
2167
605
3421
6330
2815
1435
1216
2974
7359
6460
4898
4731
4061
4722
908
7172
1809
1419
188
4179
353
3502
6847
1769
7610
7665
6596
4343
4277
3521
885
7845
334
3544
3936
4985
2563
892
449
5132
4267
241
7127
4904
6446
5310
6544
2620
2618
1322
1350
4147
2342
7977
7526
3664
4825
1652
1082
5059
4126
444
5082
3775
3866
4103
93
7574
5448
540
4474
919
3291
2721
3158
2068
2054
5967
3905
5682
4284
7264
7548
6629
3408
941
739
5335
3715
7517
1603
5463
5685
2925
6762
6450
2031
3173
6116
3511
7291
341
7450
3407
6513
4767
2166
2202
4143
154
7347
2328
2290
5862
4846
6197
7669
4982
4244
5055
7138
6538
3295
6452
6590
7778
369
6134
935
6854
2470
7787
724
7729
5454
4859
5791
3628
7873
592
2379
7771
6315
3336
3789
6617
2890
1487
6713
1458
6799
3346
21
5678
2175
6252
4832
6397
1634
2238
5437
5569
4222
3814
119
6790
1672
6998
1162
4021
1342
1434
2661
1184
7295
5640
7297
2616
6465
844
5746
4095
7769
1269
7798
7541
2909
2281
80
4498
1127
5556
5233
3950
6188
1814
5461
6449
3324
6785
1839
5972
5247
7797
7008
6462
1886
1155
1128
7041
3359
1224
4163
2512
5028
4726
781
7438
1428
5916
5041
7702
6481
5813
5589
5130
7598
1673
5749
2494
454
6793
2336
2091
1667
7871
3812
6124
5022
959
2900
1064
6324
1979
6640
6238
1912
3302
5835
130
7134
7021
5720
358
3144
317
7857
1897
1669
1841
6648
3528
5356
7513
468
3648
7366
5114
6988
949
1243
1530
2945
3949
1325
7723
4653
7026
3875
3856
4291
679
4036
1578
1797
4138
5661
3563
1763
7885
6515
4565
708
1909
3214
2060
5203
5878
2214
122
3352
6176
1381
2765
7215
3167
5680
2354
3687
4526
6866
4662
1566
6349
2014
6530
6682
5893
6800
2989
7477
1939
3344
5304
1993
7065
3372
3589
6123
4064
6223
5728
4034
3479
2781
6775
4073
7687
2830
6055
1595
3660
5870
6168
6364
4797
3148
7515
6291
6766
1410
1973
2708
7349
7647
2625
1498
4193
7505
707
2768
7220
7146
6708
2817
6440
1792
6840
167
6736
2172
7353
3019
1728
3558
595
3662
6519
585
429
3811
4239
254
3055
4818
5017
3531
7246
7210
4557
6288
3646
1800
3001
5380
2487
6524
2272
3853
3938
2301
6529
297
3089
2251
1193
3416
100
5579
7608
2044
4507
3568
2683
5594
861
4387
283
7488
7483
4865
6144
7893
511
1539
6211
4586
6421
718
1133
2719
7404
4197
3932
4873
2144
7552
3990
2532
6020
537
5511
4053
1875
290
852
4745
4354
7718
2329
3438
7640
2813
1893
1594
3665
5401
2810
587
6570
3168
4028
4202
5483
2184
7603
105
2458
2675
2565
4302
270
6269
6150
4110
5079
3468
1352
1024
3204
1454
4835
2787
1631
4293
7643
1964
4010
4580
2205
661
4178
653
771
2923
1067
4922
7835
2844
6504
1113
2385
1102
6611
987
3280
3156
7428
7373
5408
3245
2901
3918
6395
863
1297
3745
2085
5666
5198
2741
2573
4427
6272
558
7205
1929
1959
3858
2795
4834
1125
3556
6196
6264
6848
1535
7679
6355
2825
3323
96
6073
4789
5294
547
1092
6290
7015
2955
1657
5700
3163
4908
7315
6534
245
5816
7756
2259
2505
7290
7090
5291
2212
5144
4320
6186
49
2098
4902
3784
989
117
6424
1546
7242
3010
1665
4102
4461
5450
7379
5580
2518
5070
6231
790
6064
2169
3791
5061
5260
1152
5446
7060
2521
704
5297
2453
7343
7392
5997
2899
6662
5958
3312
6271
3626
252
408
784
3069
1736
2856
3406
1723
3094
405
544
621
6041
7423
7685
1854
4152
6399
3403
310
3380
662
3405
3143
4195
6008
3260
1717
6509
1604
6443
1907
4022
5421
4383
344
273
7592
6628
6284
2022
3561
6441
2413
674
7017
692
4227
4391
3233
4738
6182
38
7136
5648
5236
4887
7937
1862
6935
7875
98
730
3773
6497
498
3840
3850
6954
4568
5564
6716
2715
4003
2159
4785
4375
3643
3933
2295
22
5905
3457
2775
7465
1567
3494
6415
2009
4142
6772
6943
2602
814
3709
2920
3429
1253
2280
2648
4285
3579
404
1547
4840
1612
808
896
4699
4544
265
6893
3349
5657
3799
6982
7123
4858
7202
701
7586
419
1876
3878
6286
5901
5971
5928
350
3601
7697
509
3902
3737
7277
3619
5336
1105
223
6418
7846
3691
7293
3042
6361
5434
7054
2543
659
3419
7348
2273
4282
7683
3234
2579
7965
1442
3519
3389
2402
5337
6298
5698
2099
5262
6769
4893
3435
7584
3052
3672
2665
6844
4765
5646
5798
5255
5285
4486
4299
5955
4909
6372
4598
5508
6422
5360
6841
2224
6149
5073
7371
7774
5795
6674
2551
6303
3719
7565
3848
4783
4689
7440
2208
6077
5094
6265
2323
364
3596
1490
7952
6508
6059
6098
802
3973
5504
6184
4854
6007
2051
6090
3783
4369
1159
2392
4634
7949
4210
1524
7529
1190
190
7688
7190
2946
3176
3885
1998
3679
2794
6048
7590
7563
3111
7413
5154
5117
7028
81
3216
3959
1931
4392
1055
82
4312
6174
6031
1197
7262
4900
4583
5492
2197
4289
7270
5618
2084
2223
6145
4483
2556
3602
4938
3777
6210
6496
3319
4654
189
7788
942
4308
7727
7842
7355
3133
7292
3208
3710
5769
5361
4508
703
2555
2352
1821
5063
1120
4168
7486
7791
5863
47
1689
1286
6230
7612
3705
1255
436
5484
2331
5642
6175
5966
375
4601
6006
1414
1265
2053
1000
4283
3670
1464
224
5379
5105
6281
6883
705
4850
3186
4429
3087
7188
3543
1110
6951
7117
209
3054
7751
3482
4947
4714
1282
7595
2733
5788
4339
7084
2826
3667
6566
2756
6379
556
6816
5726
6218
1360
3035
1426
2142
2977
7170
5259
606
3090
3540
434
4966
6922
2526
5107
1616
7038
3428
5882
6855
7498
6095
7245
42
4748
3939
5529
6178
542
697
5846
1043
366
5457
6525
7361
565
2179
6559
3154
5596
5866
4746
155
4796
2751
3007
652
1178
4551
5264
3555
6506
3552
1826
1439
4547
2669
4232
6750
2884
2038
2497
5227
5909
2001
5953
3284
5804
3713
3523
7869
2910
2604
1895
2299
5986
1552
3370
7475
4287
1629
3029
5232
978
1710
1913
2525
947
7284
604
1659
5717
6856
377
3790
5179
3582
4537
2582
7435
6045
6626
929
6709
7750
3417
1114
4837
184
2806
1506
1558
7830
7784
1974
379
4774
2814
4524
1242
2285
3942
6595
2936
3301
4161
2938
6941
37
2064
2929
3309
5243
702
1198
4793
6755
4493
1239
2110
729
6502
3700
1146
5827
6383
4131
5422
4228
4056
2904
6363
4988
3962
174
3577
1393
1849
2503
2307
4254
3736
7187
3244
5531
4704
3458
1116
5922
6036
4554
6916
2759
1076
6862
966
7993
2834
1764
7931
5921
7470
5926
7540
3909
3288
4709
1473
7180
5327
7077
2375
3824
2058
7128
1781
271
4521
1138
6724
955
4771
3717
3522
1459
5853
4
2211
5402
3271
5374
2686
1060
1963
3041
5830
2154
579
5371
6644
5932
2693
5001
5161
7382
3329
2622
5927
5502
4264
4008
2378
963
1444
4792
3987
5246
5487
4751
5849
6268
2227
4970
961
7760
945
2949
3150
5817
6275
7523
3077
5003
6447
3174
1915
5889
6882
7275
6831
4104
302
6079
6695
3194
5321
2288
6967
3612
6214
45
1244
7232
5150
7826
7684
4550
5365
3456
1867
699
6705
6226
1478
6084
177
2992
4781
1375
4958
665
2948
2706
3748
894
749
5913
6977
1999
4944
734
4833
7863
940
5914
7130
3136
3750
3505
3453
5669
3146
545
5398
4130
3031
5497
2839
7996
6406
7912
5793
4761
1833
6818
7958
7018
357
7660
1131
1761
4977
1553
1618
1995
7320
3958
1878
4449
7617
1704
6612
5576
2958
7588
6354
3986
6221
613
857
7812
4986
500
5447
5859
2509
3005
3621
2998
7737
4830
1874
4436
1403
3113
7184
1189
1741
291
3961
5943
2181
2835
710
5910
7336
4390
2504
5983
687
3447
1331
349
6010
1230
2155
5062
2753
2061
6278
6891
2911
1914
5660
714
7752
6442
6384
6128
3764
1334
2229
3806
6909
1572
2196
5957
1536
1252
754
2046
1003
5848
7429
4993
7902
3211
5858
7978
5633
1167
218
4890
1453
4919
2476
5031
6108
4075
5772
6730
776
4625
475
3537
6082
2671
1038
7196
1018
6141
2311
1835
918
2164
7218
7674
4336
5751
7823
533
3310
1358
5186
7816
7833
3530
3997
6986
5754
3451
5133
312
120
1796
6874
4241
2132
5895
313
7469
6927
301
2887
2748
12
1104
828
329
2180
7564
5887
3728
1623
5760
5708
6119
7681
7088
7820
1966
4481
6371
1309
7280
3699
5350
2062
7776
948
2362
5869
260
3206
2177
1724
898
7901
4404
4866
1372
402
2271
3100
5988
6872
904
7024
1445
868
7380
6754
34
191
2090
7666
6239
2162
5156
5610
3770
2519
5499
1011
5587
6597
3813
3321
4836
1245
7994
7714
236
6552
6087
2136
695
834
2377
3068
2257
559
340
6189
7538
6457
7457
7416
2928
5391
4672
3474
4216
2269
7294
1476
7549
5242
4585
91
2277
6222
5363
1121
3907
631
7497
2831
3008
6097
7963
2930
1248
6539
1509
4811
3671
7597
7954
3897
1688
422
4787
1028
1330
633
755
4776
3051
4023
3440
4469
4759
3735
7698
85
5591
1531
7318
5552
7852
3624
7225
168
6656
62
1215
6860
916
3475
1106
3402
2771
811
7239
4772
3968
4101
5455
1117
5590
5549
6253
1107
1006
1635
1573
407
2222
7705
1210
3960
4587
3807
7844
5382
5118
1590
5824
6162
4248
198
5779
2363
2799
7288
2477
3890
7002
7211
3481
4992
2877
2600
1201
4378
4710
3427
4763
4471
686
3912
4953
3731
7589
1687
3076
4733
6518
2443
7961
4093
1980
3182
6327
6781
2355
244
4337
1894
2459
1663
2642
2668
3028
458
6029
6751
6600
6659
4045
902
1122
910
2694
6655
2631
5010
1468
157
1399
7332
3332
6420
2630
6677
7622
3082
6177
3825
2372
3392
6690
1696
2043
4839
421
7605
4389
72
7363
426
3465
591
6445
6267
1816
5091
8
5494
1073
4141
1544
5054
4089
7839
3128
6024
510
118
521
4813
442
4872
491
2605
4855
1371
4480
4262
3623
7414
192
7263
4223
6037
219
4739
1205
6083
2805
5956
1362
6803
812
6001
1507
3486
7417
6204
3638
3817
5320
5521
3659
4423
3127
5019
4696
5177
6266
953
900
3385
6824
1383
6622
1214
3198
5333
4296
6512
1072
3057
6152
1926
3207
2703
7010
2235
30
4959
4690
1040
6620
478
3661
2025
2956
7050
266
7066
6180
6726
5411
7749
5431
3605
5561
6164
6642
1199
3549
4105
4955
6160
1644
4220
5306
1908
6875
1026
5709
794
5128
2594
4501
3217
6297
529
3525
4645
6358
7556
7193
3401
4599
5377
6723
6198
5051
2006
3995
2621
6000
1617
7616
3833
5021
83
7072
7521
5491
482
1251
7427
995
6950
1534
5800
2623
1250
6607
5395
3162
1400
4511
4612
5713
2914
7296
2627
7896
179
2072
5140
4694
1513
2019
1518
7570
6351
2711
5201
7539
5750
7224
7772
6588
6749
7449
1319
7691
77
5806
2903
7600
6598
5104
4538
5013
3613
882
6720
6277
3988
4365
3396
4026
1175
6930
1231
842
3140
1080
619
7432
4960
7052
1295
2731
3365
4319
6889
1910
7672
6541
6069
4991
7402
4157
2278
906
7285
3169
103
3327
3248
7655
1557
7768
5064
5745
5841
7689
2475
7909
2712
5183
1952
3006
1118
4790
2226
1053
4532
4663
4820
410
4356
1034
7154
7982
6042
5347
6771
2744
901
1346
4488
7986
6407
337
5704
6968
7821
3423
2980
242
5443
7900
5095
4506
3201
153
5053
5703
1976
4885
7251
5256
6813
2785
1333
6985
4012
6719
4079
7194
4326
7375
1511
2667
5970
7401
3615
4113
5527
2442
7391
3712
5730
5191
561
1406
5329
4989
2425
3123
3350
7222
6155
553
3977
2516
6521
6306
5
1211
4431
3033
6837
5159
7260
4259
4886
2685
2086
2481
99
4393
5171
125
7068
355
1519
3116
5517
4515
2624
5990
2969
7755
2636
6053
7928
4204
3459
4358
4422
7736
7886
1898
2092
1661
3191
6336
1932
1369
3398
3778
7273
3518
4379
2158
3331
3560
5071
3952
1749
463
1274
7393
3420
1712
3920
5907
2517
3175
7625
4907
1074
1027
4212
2148
1370
3190
873
2577
3495
6475
457
4534
4188
6945
2419
7504
2633
7738
2986
4174
4006
7317
5339
5372
2710
6870
6287
2580
6220
5911
68
4298
728
3299
5279
4094
4044
7019
2140
7934
6857
2168
6227
3603
3267
2457
2857
6142
2638
4591
6058
1883
2680
7945
2403
438
5736
6896
7899
6111
727
1312
1810
7007
7594
2747
5429
7671
5514
3574
5644
6579
3861
1229
3744
7728
7005
6387
1711
3886
1379
2357
7777
3461
97
7916
3631
6679
387
7582
1887
7707
2340
2534
4020
2075
3091
5757
3747
5768
741
7464
6593
3828
2308
3604
4915
7282
1720
195
418
3739
2400
4798
7694
7764
2766
7067
7129
2254
1986
2913
3917
4615
3431
7093
841
5820
2309
1705
7151
7979
4068
2791
5665
6485
7433
2557
939
4875
7132
964
7256
3696
5328
4540
1641
6023
617
2304
2617
620
7678
7254
3246
3524
571
1056
6745
5526
3846
3142
7693
4651
944
1281
5714
3892
5462
7906
1196
897
6488
1290
4224
328
4313
622
3769
4863
5086
792
6047
5785
5476
736
6194
2195
5258
791
602
721
2370
1405
2578
3108
3347
4658
3300
5753
1302
6871
6461
2240
7946
5453
2176
3491
3020
2866
7722
307
2480
7199
5544
257
3678
624
7989
6259
3063
259
6627
5302
6744
7495
3711
513
6761
4123
6212
1401
632
3922
4185
4821
3036
6984
6533
5048
2021
4969
2380
627
7055
3455
6476
6684
6646
5510
5908
3676
1576
3213
4646
2433
7657
548
4647
6248
7102
6049
5892
1933
447
76
1846
4983
305
5522
2369
2626
3541
6715
2567
1347
5038
1655
445
6949
7415
1261
2700
428
1645
381
2373
1222
3002
3131
4234
3903
6890
1891
4487
899
4017
7426
2042
276
3803
5323
4894
6608
7321
1937
5810
3393
3032
3441
5540
970
5280
5283
532
1339
3640
1861
4868
2097
1316
7855
23
5727
3535
5204
1808
5131
1266
4639
3641
2619
3793
7454
5811
3985
2859
4330
7309
1692
5659
1137
4066
3972
731
2186
1967
2263
7484
1555
4768
2488
222
1179
5945
7653
5139
3837
7149
5833
363
1774
6740
5078
3804
440
1853
4595
7987
5613
926
2215
2757
5687
2585
2612
5559
3974
4881
5312
5961
3591
7176
7510
854
5734
2507
2637
5742
79
3693
2764
2063
2039
6158
4446
4574
807
3180
646
6338
2395
6375
5089
3226
5706
5342
6522
5543
3888
2984
7923
1171
6250
2942
7064
5226
3639
7631
1218
3210
6567
1554
2498
1525
201
2889
306
3014
2769
4946
1675
4448
1258
3894
3489
7579
6845
5799
4473
1755
3841
2951
5557
4432
3110
6807
3857
1062
849
322
2059
7326
7770
5298
2770
2663
2465
1288
3944
5875
787
2298
6062
689
1958
672
6974
5369
6293
4413
5435
2629
5987
2302
5424
6389
1207
3379
2561
4930
4051
7203
4935
2864
2156
1194
2689
1951
5386
4443
1363
821
7627
1818
5385
4318
6430
399
6946
5593
4063
2863
876
575
2961
890
2406
2036
1542
14
1777
7773
4067
4426
5219
1884
1471
6382
5794
819
568
5780
6206
156
1037
146
1671
7891
417
4527
4806
1366
7037
4994
1954
6731
5210
1460
4417
3553
889
737
7535
1991
6002
1164
3855
6402
6093
6969
4065
2937
5755
1108
6913
7903
325
6339
1695
391
2654
4182
7932
3023
7984
1785
7098
3449
3187
4215
4333
7400
1150
2283
386
7739
279
4705
147
6033
5042
1985
4170
4328
5037
4414
6251
4346
6732
17
5208
7479
2367
3940
2568
4408
4777
4361
6179
2610
2893
1827
2252
4678
7229
2643
3484
2130
2634
6439
3688
4335
6810
7208
3768
549
6624
5075
149
3151
2225
5763
2374
1234
3048
4081
7555
7765
4137
2317
6686
5486
7313
231
3593
4582
2832
6487
5679
5085
6696
7286
5102
5691
7049
2816
6964
3937
4107
745
6933
6237
4180
7467
6507
1754
4199
6328
4719
6061
847
7439
6050
446
272
7676
5803
877
7059
2550
7824
2740
392
234
6035
2045
3050
1727
7829
7626
3993
5006
2767
6273
7731
2804
2586
5899
974
2275
655
4827
5129
832
883
7079
3139
2250
921
6817
1452
4076
7907
2314
2150
6989
1601
1515
6603
1425
431
1744
1441
4088
1484
7636
4416
3425
2482
1436
6104
4041
200
250
3740
4307
4484
269
569
1889
991
6540
664
7648
5509
176
7864
7120
5639
5789
1032
7779
1466
1605
185
1301
1195
4401
514
6463
586
136
346
6262
4637
6979
593
2248
979
4078
2318
2326
3795
6120
1206
7378
1491
3883
4096
3723
7604
7431
7973
331
5566
6836
3539
845
3430
2120
743
6200
1429
4845
2850
3322
2537
5418
3282
2691
4226
3733
6107
7487
5947
5834
3753
5578
2666
1051
7351
208
824
656
1009
3394
202
6310
4750
2784
2524
6393
7216
6901
839
5433
6649
1292
2030
2078
823
829
879
2206
4725
2387
4009
4567
3534
6675
5040
5029
6217
4322
1052
3410
7334
1832
2737
5473
89
7276
2461
1791
6653
539
1972
971
7635
6955
3024
7609
4214
7860
7717
4627
56
5546
5106
6729
2801
2157
5512
2210
4245
932
788
6764
6344
4928
1540
4941
2868
1035
2672
5554
4243
5533
5308
5397
376
1824
7473
6438
6877
5886
5230
6474
5774
5931
6137
493
7442
3137
1654
2028
6345
2113
6434
4323
2348
1177
638
3404
4367
7156
7306
6025
2219
7099
88
6753
2356
3252
7001
3279
5174
3755
2588
6784
6978
4421
2760
5289
5903
6113
5743
6574
1811
4465
7471
6195
610
4004
5761
860
648
830
7337
3780
4230
1149
180
1942
4693
1013
277
1730
507
5157
1448
6760
433
5273
550
3095
2284
5194
4256
6966
7639
3955
11
35
6654
2500
3473
5565
3754
4659
6233
5725
5101
2267
7179
275
4549
435
6993
2407
3105
5694
1285
7342
6
7992
3674
1529
5985
2232
2662
3378
1850
2976
2334
7866
1433
782
3921
3830
3114
3294
4435
5993
993
1756
2918
3792
7704
2109
1872
1354
2940
3634
7975
2455
4657
6691
6094
7583
1868
2220
6582
5478
5066
4334
295
7035
6129
4529
4558
2412
2730
7091
576
7140
467
210
3829
2559
4324
7101
7767
3362
732
7578
5384
6201
1217
3358
2171
5250
5547
2066
2073
7532
6851
5482
3044
2049
1213
1422
4342
3384
2276
4145
3548
7122
7325
6962
5516
536
5020
3614
4802
6581
1561
1317
7811
5393
1087
474
5212
4828
5880
742
6054
5076
4864
1059
7761
163
1820
2185
2463
4280
3255
4961
3256
75
6853
5828
2601
1873
7838
7817
4385
2597
6808
7031
7274
2484
2761
1257
383
3863
6103
3929
2535
6038
923
7870
3129
5284
7748
2012
5370
1700
4932
6154
2239
7654
51
1970
6466
4937
5519
801
5651
693
7534
1969
5045
1588
2891
7944
6546
2016
6249
6295
4047
4191
5251
1560
5235
1537
5489
3124
1771
1050
588
5318
4368
626
3948
499
285
4491
2344
5366
2383
4238
3469
7253
2560
4037
441
3978
7726
2843
1992
4589
4701
7641
5456
6843
3466
1320
5358
3707
4523
2279
3716
3326
2230
2973
6516
4331
6575
7536
3983
4814
4513
3366
981
1892
7116
2562
640
816
969
2827
2188
1523
982
7324
4847
6699
7177
5692
2581
5100
3874
216
878
1510
32
1948
3756
4190
3526
5758
5615
6609
1790
6501
7803
2151
2467
2681
7997
4641
6480
228
3796
7405
2485
6939
6838
3893
1582
843
7551
6829
1679
4675
5093
6944
6601
6307
5257
3277
5155
5383
853
2957
5357
1768
903
6963
7167
1795
7410
6821
7587
5606
4348
3071
5277
4186
6671
336
1262
485
7976
5946
3562
1394
7668
5047
1005
2511
1423
3062
2424
6710
5127
7266
5548
4879
5965
7459
2836
3399
5141
6209
2589
6658
836
7793
1778
1740
5477
4052
580
4617
2670
84
2522
616
3981
1291
204
4097
143
4099
3510
5844
5272
7109
4594
5802
2959
3016
1303
5975
4479
1188
298
6650
1842
5843
4711
2448
1438
7243
5234
4444
774
3889
3293
4271
4276
2647
3900
4268
4901
4445
1273
7195
4477
5143
6484
4831
3269
5345
4206
4912
2590
3084
2990
2274
6543
5299
3598
6551
1227
3904
5924
4566
6419
4720
6876
5451
2819
3171
5950
211
7503
5574
4857
1430
323
2079
6900
1737
390
5416
2313
7827
7160
6110
6479
2296
1871
3653
4717
1517
4809
4475
4415
3444
6763
7792
2324
6886
1545
7758
4794
142
4555
2690
3202
6809
6957
3663
2394
2401
3565
6121
1636
7139
5636
6003
7463
4892
1940
3112
5518
3877
917
7219
2415
4995
3668
2615
670
5340
1982
1911
2160
2093
2536
7888
7874
5364
5470
5861
2107
5081
623
5814
6956
3554
2102
3658
7354
5432
286
6868
2396
2359
6068
4459
3629
1090
6604
3325
2218
5475
753
6550
7430
3275
5616
5649
4290
7181
5790
7197
4395
1437
1701
1289
7476
2682
3876
4172
6473
4406
922
1584
6405
7
5792
1225
4146
16
7344
7369
1054
1254
1012
134
2431
5049
3448
2932
5149
4804
3200
1638
5087
4144
2593
7882
4255
4856
4895
855
1017
3117
6454
3581
7732
3149
6668
2080
5099
5933
3074
1944
1418
3823
5092
758
3759
643
205
1575
4046
1719
2778
5819
2116
3859
3330
7562
1036
6931
6557
1099
7832
3345
7027
5394
6651
735
6670
6625
848
7558
4062
3445
263
3941
3810
1664
6021
7360
4499
1622
7221
409
6011
6669
7680
7166
6936
5608
7630
7925
4419
4686
1039
5850
5052
7097
3021
443
160
4753
6183
7071
6503
4633
1135
1415
4381
2321
4575
7876
3121
2988
6605
304
3153
7165
4517
4560
7542
6514
7329
2033
5467
6135
4727
3690
1165
3229
480
6436
1502
5390
2228
4082
3729
1648
538
251
4386
5189
1955
4458
4584
3477
4769
800
5976
6777
7268
5520
6999
1424
3264
7305
666
6377
888
3034
7147
495
398
1071
5176
2237
4025
3822
1527
166
6914
7278
6131
1640
6261
7085
6623
6292
6347
7658
6517
3203
4466
2743
3088
1592
50
2895
6869
4240
3618
3633
7519
123
6400
5818
5611
7397
4812
3015
5244
1538
5963
4468
7103
7670
996
4756
7204
7929
2838
601
6587
5812
215
6734
6577
7212
2539
3000
3496
5999
1928
2112
7968
7701
4175
6464
1185
7837
1916
2829
6034
531
6664
1619
1738
560
2353
3595
3490
6369
6852
7267
6105
5724
1694
694
4867
2870
4060
4039
7234
3276
5124
3272
761
5885
5293
3243
4071
2606
169
682
5464
5832
3895
5426
2264
7801
5503
5378
2143
1192
2726
7383
1015
4077
920
943
5699
2108
5884
2684
4697
6545
7424
1226
4906
1310
6283
4183
2674
2319
6830
489
5057
4688
3400
5218
320
3831
2837
6614
6213
4070
880
5353
4430
2739
3290
7046
3318
6378
4619
5686
7240
4648
2853
1314
526
1593
7943
7850
7201
6511
2004
359
4592
3787
2422
1855
7443
3253
6256
2898
3557
6208
1610
6606
1646
3743
3590
4978
4671
2371
6863
1885
2131
5539
1481
24
786
660
3953
2287
7365
4124
3576
4154
715
7547
1348
3954
6994
94
7883
7508
2824
4376
988
3592
2341
3107
4923
5151
2947
6432
6216
7884
4059
6367
3509
1905
4272
6022
3432
5396
3004
5200
1606
5458
2256
589
5822
7425
1187
7418
515
1729
1479
33
7124
630
5962
614
1235
3225
5290
6370
2994
1856
7192
4530
6057
3533
1420
4002
6296
3079
7735
6388
4454
6429
6572
3476
1130
2002
3235
6187
5890
3373
5577
3224
5202
5409
3984
4332
865
7637
5894
3763
3730
5711
4791
1734
3498
4736
6899
7171
4015
4559
5991
1066
7516
2338
501
7744
427
2987
5465
7070
2439
5748
3437
5160
7456
401
4949
983
4125
2464
1287
282
7322
3367
1836
1421
6333
1058
3867
1404
5645
7633
3545
938
262
5558
6309
4171
7720
178
6166
2388
5739
7981
6741
5438
5671
6044
5027
1786
2303
1562
6304
87
7614
2927
1007
2699
425
3177
763
3500
3311
4610
5637
6215
2646
1637
3926
2103
2530
747
1881
2697
1812
1021
1840
3391
3570
2883
767
1927
2541
7879
3965
4760
5317
3976
3617
4593
6562
165
6665
4269
770
113
1586
6728
2723
4729
7716
1112
5182
5602
6096
486
6737
2490
5213
476
3160
1156
1801
1877
484
115
4945
6747
3040
7235
5239
5732
1174
5939
5854
642
1172
3980
4485
1579
4611
4522
7998
5954
2381
5228
6970
4205
7106
5123
5007
4208
2709
2447
4940
3109
368
4327
1115
7119
6066
696
3594
4871
6109
5672
5471
6458
1520
3945
3703
2096
5305
3013
6365
5523
1541
1093
1321
227
5796
7808
7924
78
7580
4014
55
1598
3880
1819
3923
7868
2773
6051
2335
4956
3070
3692
2786
7690
7715
2473
4439
2032
778
4695
3376
4399
2935
1014
6756
1461
3835
207
6146
6089
859
1045
7649
4149
5303
6498
