1000
137
424
224
547
463
639
445
977
399
29
729
123
563
322
342
395
949
238
793
934
872
227
73
411
377
516
460
993
196
96
36
955
172
967
349
422
286
98
605
648
52
478
365
364
255
508
162
691
584
586
736
555
418
911
776
466
248
510
552
695
319
343
311
211
441
633
559
502
746
401
437
855
655
50
161
320
625
439
824
243
55
995
592
674
711
372
699
556
564
193
504
780
297
398
570
758
420
256
107
266
318
627
45
361
278
335
835
475
624
929
313
659
939
3
230
65
578
347
628
707
531
600
764
53
28
757
448
983
923
78
506
131
396
454
142
527
132
630
326
673
924
636
145
95
310
388
661
125
907
9
958
970
383
608
580
91
68
402
340
991
223
35
809
22
154
702
49
338
375
118
291
246
583
722
27
218
178
115
545
670
956
701
620
71
122
94
456
74
339
66
416
681
841
653
519
807
443
511
262
713
4
263
842
381
6
743
796
64
233
857
163
744
697
615
791
236
683
134
69
828
676
462
550
276
525
7
452
890
220
675
723
844
938
415
185
947
542
287
832
898
312
432
434
353
774
275
621
384
622
522
735
367
242
751
805
862
937
992
610
14
840
973
39
208
962
252
837
715
505
306
147
46
771
234
669
750
786
40
657
953
772
677
834
981
141
820
360
562
895
15
812
110
350
283
854
181
483
688
876
216
643
336
593
678
295
130
773
183
197
258
325
521
804
790
498
822
499
795
978
946
317
229
708
464
634
860
379
755
961
785
495
225
380
374
359
330
694
272
289
933
304
936
458
57
25
155
109
540
455
280
117
654
642
689
294
623
714
651
337
529
544
585
856
421
679
972
113
13
748
376
779
971
741
877
515
692
917
986
378
273
990
601
106
660
957
390
640
690
8
546
10
406
341
212
959
716
887
1
77
803
631
503
560
867
42
241
54
858
89
728
199
194
31
979
485
41
192
845
356
663
149
667
385
710
709
288
488
314
930
128
827
964
200
606
671
951
254
135
151
846
357
533
180
745
121
17
270
431
97
915
323
870
148
80
941
849
549
209
769
665
324
104
92
44
778
940
269
124
823
932
721
214
638
686
34
891
43
391
999
912
850
417
222
316
23
226
704
756
843
747
344
761
914
875
201
717
368
864
536
139
819
996
637
217
904
614
873
26
240
82
734
514
847
329
662
191
12
450
574
371
554
568
588
629
81
874
468
926
792
749
228
451
752
156
277
787
513
797
296
61
626
818
175
794
108
737
535
512
762
868
599
477
389
896
698
470
251
177
20
425
989
548
808
173
244
649
167
245
591
56
879
664
114
931
187
103
237
179
613
386
994
393
423
565
884
982
198
880
543
739
821
453
733
152
922
129
165
257
358
944
100
465
169
501
207
370
30
833
265
712
839
607
539
497
742
221
182
817
645
766
731
260
889
409
186
143
965
473
968
85
753
435
400
491
899
666
598
537
247
725
412
334
567
195
609
969
116
680
696
138
528
801
684
51
534
892
650
703
111
784
472
974
120
332
112
966
595
281
90
881
596
726
825
644
579
507
878
861
126
264
740
250
871
127
789
988
619
888
886
909
782
157
813
59
998
171
352
303
496
38
693
635
442
133
301
140
355
476
826
481
369
433
901
279
348
532
79
569
176
438
652
852
392
37
523
943
271
397
484
308
612
518
144
444
290
487
63
557
382
33
724
428
285
798
404
611
802
984
62
894
239
668
811
58
354
24
783
919
788
602
447
603
419
770
520
575
327
754
166
158
765
582
732
900
561
188
440
88
146
302
19
480
738
60
449
577
927
170
457
553
474
760
997
597
558
928
305
293
346
427
18
486
815
429
647
274
215
333
436
810
687
331
921
541
119
910
954
467
345
210
105
616
524
351
759
618
213
102
885
960
32
948
950
21
980
235
403
11
799
685
76
859
730
775
101
829
253
906
47
763
86
571
70
492
231
706
489
184
551
526
530
925
75
150
232
916
572
93
517
800
589
267
952
153
581
469
268
920
767
836
174
261
159
99
16
2
87
641
307
866
494
918
309
500
298
985
299
446
219
853
863
781
206
604
908
259
893
587
315
658
328
168
249
656
632
814
72
838
363
594
935
865
408
987
806
366
67
617
576
768
282
189
405
720
963
705
777
479
202
945
413
897
203
646
471
869
913
300
482
727
672
682
882
903
976
292
590
975
321
407
830
5
461
493
83
204
942
414
362
573
902
160
426
509
410
190
816
718
905
387
205
719
136
538
373
490
566
84
831
700
459
394
851
164
284
430
848
883
48
